---
Terrain Height [m] Valid 1200 CES ~Z75~(1000Z)~Z~ MON 22 Apr 2019 ~Z75~[82hrFcst@0824z]~Z~
Model= RASP Region= NETHERLANDS Grid= d2 Reskm= 4.0 Indexs= 1 162 1 135 Proj= lambert 4000 4000 52.0300 52.0300 5.5500 51.7993 7.3642
Day= 2019 4 22 MON ValidLST= 1200 CES ValidZ= 1000 Fcst= 82.0 Init= 78 Param= wrf=HGT Unit= m Mult= 1 Min= -5 Max= 835
96 97 98 99 100 102 103 105 106 110 111 111 112 112 111 110 109 107 101 100 100 103 105 108 112 116 121 128 133 139 145 151 157 164 170 177 182 190 197 205 211 216 221 225 229 232 235 237 239 241 246 251 255 260 267 271 274 277 279 281 282 284 284 285 287 289 289 290 295 302 309 316 339 345 350 354 356 357 357 355 351 331 326 321 323 319 314 311 312 314 318 318 318 314 300 283 263 241 217 147 126 110 104 103 110 121 131 154 232 258 283 305 324 329 334 339 344 337 338 337 339 347 352 357 363 371 389 397 404 411 418 424 428 432 434 433 432 431 431 431 426 421 415 409 382 380 381 381 382 388 397 407 420 463 475 480 491 496 495 494 492 484
93 94 94 95 96 97 98 99 101 104 105 106 106 106 106 106 105 104 99 99 100 103 105 108 112 116 121 128 133 139 145 151 157 164 170 177 182 190 197 205 211 216 221 225 229 232 235 237 242 248 253 258 263 268 275 279 282 285 287 288 289 290 290 290 291 292 293 293 299 306 315 324 350 358 363 368 370 370 369 366 361 336 329 323 322 319 314 310 310 312 318 318 318 314 300 283 263 241 217 146 124 110 103 103 110 121 135 159 242 270 296 318 337 340 344 347 350 341 340 337 339 344 347 351 357 364 383 390 398 404 411 417 421 425 427 427 426 425 425 424 420 414 407 399 370 368 368 368 369 376 385 397 412 459 473 480 492 498 497 496 495 487
91 91 91 91 92 93 94 95 96 99 101 101 102 102 102 102 102 101 98 99 100 103 105 108 112 116 121 128 133 139 145 151 157 164 170 177 182 190 197 205 211 216 221 225 229 232 239 245 251 257 263 268 273 277 284 288 291 292 294 295 295 295 295 293 294 295 295 295 302 310 319 329 360 368 375 380 382 382 380 376 370 340 332 325 322 318 313 310 308 310 318 318 318 314 300 283 263 241 217 144 123 109 103 103 110 120 139 164 251 280 306 329 348 349 351 353 355 344 340 337 339 341 343 346 350 357 376 383 390 396 403 408 413 417 420 420 419 419 418 418 413 406 399 391 358 356 356 356 357 364 375 388 404 455 471 480 492 499 499 498 497 490
89 89 88 88 88 89 90 91 92 95 96 97 98 99 99 100 100 100 98 99 100 103 105 108 112 116 121 128 133 139 145 151 157 164 170 177 182 190 197 205 211 216 221 226 234 243 250 257 263 269 275 280 284 288 294 297 299 300 301 301 301 300 299 296 296 297 297 297 304 313 323 334 367 377 384 389 392 392 390 385 378 345 336 328 322 318 313 310 307 309 318 318 318 314 300 283 263 241 217 142 122 108 102 102 110 121 142 168 257 286 313 336 355 355 356 357 358 345 340 337 337 337 338 340 343 349 368 374 381 387 394 399 404 408 411 413 413 412 412 412 406 399 391 383 348 345 345 345 346 353 365 379 396 451 468 480 492 499 499 499 499 491
87 86 86 86 86 86 87 87 89 92 93 95 96 97 98 98 99 100 98 99 100 103 105 108 112 116 121 128 133 139 145 151 157 164 170 177 182 190 197 205 212 220 228 237 245 255 263 270 277 283 288 293 297 301 305 307 308 308 308 307 306 304 302 298 298 298 298 298 305 314 325 337 372 383 391 397 400 400 397 392 384 350 340 332 324 318 313 310 307 307 318 318 318 314 300 283 263 241 217 140 120 107 102 102 109 124 145 172 261 290 317 340 358 358 358 358 358 345 340 337 334 332 332 333 336 341 359 365 371 377 383 389 393 398 401 405 405 405 405 405 400 393 384 375 339 336 336 336 336 344 356 371 389 448 466 480 492 499 499 499 499 492
86 84 84 84 86 81 81 81 85 96 105 105 99 95 94 94 96 98 97 98 103 107 109 113 120 122 128 130 134 140 149 160 171 182 187 192 187 197 212 223 222 227 247 243 249 269 274 284 286 292 296 302 308 314 315 320 319 320 314 310 307 307 301 292 282 297 306 289 299 334 351 372 394 384 387 401 411 402 399 402 401 372 352 335 322 326 327 312 312 313 313 308 314 306 286 266 251 220 194 130 114 105 101 102 109 122 160 203 291 300 324 351 361 366 382 377 369 346 347 338 334 332 331 326 321 322 341 351 352 361 362 373 380 388 391 391 386 387 394 399 393 385 376 367 336 333 330 325 323 331 343 361 380 434 461 481 500 499 499 499 499 492
84 83 83 84 86 84 74 75 80 87 104 106 102 93 91 91 94 95 93 98 108 112 120 123 131 136 140 130 138 152 169 182 195 205 200 202 207 216 236 241 220 242 233 240 259 268 283 297 305 318 316 316 333 333 325 331 334 322 315 313 313 321 300 290 280 282 312 277 289 357 357 385 424 421 414 420 429 411 396 399 403 397 379 344 321 312 323 319 314 323 305 319 328 287 271 260 242 200 177 125 108 102 100 102 108 124 169 209 310 325 337 363 378 373 382 388 372 354 360 355 339 341 337 327 311 313 335 344 344 340 342 353 361 371 380 380 375 367 369 395 393 382 372 362 332 324 322 314 314 324 336 349 365 421 443 464 492 498 498 498 498 492
83 82 83 84 86 90 85 76 73 75 85 86 90 86 87 89 92 94 91 102 116 123 131 139 148 160 145 143 159 178 200 200 198 205 235 233 218 213 242 212 212 225 227 250 279 295 306 325 337 340 341 343 350 354 352 336 326 323 325 325 331 344 294 300 293 263 307 255 258 349 365 413 444 449 449 469 491 440 405 405 386 415 417 366 358 307 288 303 323 332 293 345 384 289 255 249 243 186 161 122 104 99 98 100 105 142 210 189 332 352 342 342 396 418 350 366 344 361 370 366 333 340 327 310 279 315 319 332 332 326 326 333 339 343 355 371 366 354 350 359 376 378 369 364 338 327 320 308 311 324 345 357 361 395 408 446 478 496 496 496 497 491
82 82 83 84 86 86 91 85 76 71 72 73 79 77 78 84 86 88 97 113 131 138 139 156 169 168 165 168 175 188 210 227 235 218 227 208 200 208 209 208 222 231 248 272 307 329 336 346 352 347 352 360 363 370 371 339 326 329 332 318 332 347 309 280 269 249 274 234 246 332 334 397 507 491 476 519 566 505 463 408 388 395 433 408 381 325 285 275 319 304 284 326 367 310 260 240 232 187 154 119 98 95 95 97 101 166 234 199 330 367 341 308 389 430 348 313 342 355 370 355 334 343 304 267 279 295 302 299 309 303 306 324 322 318 341 370 345 358 359 339 345 352 363 358 338 327 317 301 306 334 364 380 375 382 427 452 476 494 494 494 494 489
82 82 83 84 86 84 86 83 80 79 70 83 84 79 95 104 89 105 120 123 128 138 157 165 181 192 203 201 201 210 229 247 253 229 192 182 205 191 208 260 292 318 318 325 326 345 356 368 372 378 387 397 385 366 345 336 312 319 321 290 343 333 323 302 287 281 229 235 212 273 303 344 445 505 441 474 571 623 569 440 397 370 345 362 351 348 304 245 297 276 257 303 333 306 269 263 233 200 141 104 92 91 91 94 103 176 346 279 300 332 359 265 368 429 335 287 358 360 322 336 362 350 317 239 310 294 320 289 295 286 282 289 285 282 332 359 346 331 331 322 331 320 332 351 328 320 306 288 301 314 327 341 359 405 456 480 483 497 495 493 491 486
82 82 83 84 86 83 81 82 84 88 74 93 102 87 92 113 106 94 115 146 157 174 189 196 210 219 222 232 245 249 260 220 220 177 165 183 219 239 294 332 358 357 365 360 346 389 382 397 414 418 432 439 424 369 332 305 285 288 290 258 354 350 338 338 325 309 281 286 281 183 256 311 365 417 421 462 494 611 581 528 426 413 349 289 310 353 303 267 268 303 227 279 302 267 268 238 210 215 161 110 87 87 89 91 117 267 331 449 291 299 351 262 355 427 330 229 283 324 315 347 339 291 261 266 304 329 324 317 304 284 246 250 235 252 286 319 329 319 337 355 334 327 295 316 313 301 293 283 303 336 382 383 418 462 476 488 480 493 492 490 488 484
82 82 83 84 86 84 85 85 92 100 86 75 106 111 100 99 123 135 128 142 147 162 181 204 226 232 225 226 242 245 223 207 187 187 208 213 235 313 368 345 328 326 315 333 375 403 387 414 429 432 456 463 455 437 411 373 321 317 300 263 307 337 345 310 325 260 275 306 327 210 181 233 272 310 392 408 410 506 632 536 522 392 407 341 289 292 215 199 217 255 218 253 225 199 214 195 179 176 181 141 87 86 88 91 106 250 324 320 297 231 320 223 313 370 255 209 248 257 337 331 311 228 281 310 297 328 346 324 281 248 263 255 215 238 292 340 353 342 394 365 347 322 299 286 294 294 307 297 274 326 428 443 461 486 487 484 477 489 488 486 485 482
82 82 83 84 86 86 89 91 85 100 107 84 86 98 115 110 135 144 145 158 175 192 199 211 200 202 212 232 256 258 249 228 231 251 285 208 269 317 316 294 332 382 346 372 406 410 399 424 452 458 470 464 444 440 464 455 411 365 333 254 288 307 341 282 305 266 269 340 327 242 202 199 228 196 295 437 467 469 533 620 509 452 376 366 304 295 283 302 230 209 199 218 170 153 156 195 187 153 177 164 86 86 88 90 104 216 279 241 202 219 302 209 278 291 179 247 299 251 259 265 260 205 235 291 306 304 321 316 250 226 286 269 202 215 273 323 370 381 395 357 339 337 312 307 289 279 294 313 272 303 350 487 449 471 487 471 471 484 483 482 481 480
82 82 83 84 86 87 91 101 96 88 98 101 90 109 124 132 144 160 172 181 190 191 199 190 191 207 226 241 272 276 302 317 279 315 282 237 265 282 286 327 387 410 393 419 438 440 430 452 465 472 454 446 437 414 430 449 470 435 369 285 282 275 287 302 317 289 296 356 299 295 316 260 200 218 234 344 480 481 507 568 562 418 366 433 318 396 379 331 287 203 160 134 137 133 158 194 192 144 152 158 87 85 87 91 109 168 235 218 180 205 265 253 216 229 153 235 285 360 293 276 259 239 208 266 286 281 297 273 222 256 296 274 204 206 229 260 340 405 377 353 334 319 304 293 294 292 285 292 269 326 348 450 463 486 479 458 466 478 478 478 478 478
84 83 84 85 86 88 90 96 106 97 109 114 110 113 129 131 141 154 163 177 172 172 173 186 206 231 248 274 306 330 352 356 267 313 268 343 317 317 346 376 399 398 398 425 441 463 474 496 494 484 453 463 451 431 419 394 413 403 386 358 340 271 281 347 299 290 278 351 304 336 358 311 190 239 226 200 293 384 434 482 467 408 381 376 395 489 486 396 352 244 188 131 114 192 231 182 161 176 144 143 85 85 87 94 115 167 209 194 162 166 206 280 201 207 147 279 291 374 392 380 329 288 210 265 281 295 287 235 249 249 283 268 234 201 218 248 294 395 383 367 352 336 323 306 284 281 301 277 281 388 357 432 456 456 447 451 464 471 472 473 474 478
86 85 85 86 87 89 94 93 99 110 117 109 128 134 122 132 150 154 165 174 173 186 185 200 228 258 282 309 327 339 356 350 325 278 353 437 431 407 381 388 382 392 386 395 425 454 491 495 480 502 488 491 483 474 436 429 417 399 381 437 411 335 324 328 318 287 278 344 299 322 330 285 217 212 210 181 213 302 369 440 463 419 394 376 357 471 558 479 411 308 221 161 116 235 221 154 149 192 161 115 84 85 88 96 113 141 171 167 146 146 190 229 192 177 162 259 305 371 455 451 386 278 214 258 264 274 252 289 280 279 278 281 250 213 240 251 280 380 388 363 336 308 304 292 280 275 268 267 328 427 418 431 427 417 432 454 465 464 466 468 471 478
88 87 87 87 87 89 96 109 113 123 132 130 139 148 140 141 154 176 195 212 209 211 208 220 247 270 291 305 319 332 352 328 345 275 267 418 391 381 346 385 365 374 353 375 421 427 480 477 461 486 477 521 514 497 477 430 402 387 419 480 356 421 429 339 355 301 303 323 315 310 319 288 289 198 170 195 251 237 329 373 427 426 423 384 360 417 512 504 396 356 293 177 110 135 161 217 229 185 162 89 85 86 89 97 110 131 163 165 141 135 148 164 141 124 173 279 349 421 406 441 362 284 271 287 282 235 240 321 314 304 272 282 240 244 247 252 292 383 376 354 339 326 300 304 288 279 251 309 470 499 433 429 430 418 437 453 458 457 460 464 468 478
91 89 89 88 87 93 100 109 111 119 135 139 142 147 153 146 152 180 200 217 216 198 205 228 248 271 284 291 299 299 305 314 341 328 255 327 330 360 335 386 401 350 359 408 399 394 456 528 465 435 476 495 505 496 454 465 443 392 426 457 344 449 464 428 415 331 325 338 362 350 365 320 328 279 246 216 224 231 271 342 396 447 463 412 379 400 446 452 468 442 315 263 158 105 98 166 192 132 119 87 87 88 91 98 109 135 173 166 140 132 131 130 122 121 197 270 334 403 386 357 407 337 297 290 288 220 249 302 317 302 270 268 242 239 221 236 283 371 399 375 355 341 315 293 284 255 274 343 477 463 456 444 432 415 430 440 454 450 454 459 465 478
100 97 93 89 87 93 102 99 111 126 135 142 147 137 149 149 157 183 201 199 195 176 189 219 232 236 257 252 248 239 234 252 276 303 256 277 292 307 339 335 331 345 298 369 327 435 511 524 483 420 454 432 475 500 507 480 472 472 460 430 421 439 468 483 468 385 369 382 389 420 413 363 325 355 332 350 300 205 244 375 401 448 440 438 424 411 434 440 404 294 264 368 320 258 145 108 115 102 98 114 109 91 95 100 111 131 165 152 136 132 130 120 125 172 188 213 266 374 399 455 417 250 283 276 240 228 268 278 287 273 255 254 222 222 219 240 276 380 381 381 362 321 285 276 255 251 288 350 495 478 465 435 401 426 426 426 423 427 438 450 465 478
102 97 93 89 87 93 99 97 110 118 132 137 138 126 145 146 166 182 183 166 176 189 195 197 200 198 224 231 221 202 189 181 188 208 185 208 226 277 293 271 244 257 239 272 291 344 450 517 438 388 413 412 440 446 467 478 464 472 473 453 480 451 505 489 419 470 411 465 433 490 474 406 374 399 368 347 326 249 225 330 360 370 390 420 449 447 465 423 326 244 272 325 388 447 322 226 154 117 140 144 150 109 96 106 109 121 137 133 127 125 119 111 158 283 217 222 279 354 330 340 380 286 239 288 222 219 265 276 251 276 264 231 211 212 223 239 249 270 286 285 286 280 287 294 271 271 298 335 496 493 456 431 419 453 438 418 414 427 438 450 465 478
102 97 93 89 87 90 93 91 93 105 116 125 127 118 134 146 149 162 157 163 170 173 183 189 198 206 235 251 256 223 196 184 204 208 213 179 164 177 216 195 182 176 188 212 260 304 426 484 444 405 413 371 400 417 428 471 481 458 477 466 458 492 495 447 463 479 447 497 422 530 481 419 409 429 405 374 383 294 283 207 274 308 348 392 434 440 475 375 242 316 351 339 359 418 449 375 284 188 200 196 242 144 101 98 99 118 124 119 116 115 107 111 172 289 253 268 391 422 377 315 324 392 299 245 274 253 269 285 272 290 286 235 219 217 245 262 249 236 232 249 318 292 329 306 273 276 325 334 442 488 458 442 452 475 444 407 410 427 438 450 465 478
102 97 93 89 87 87 86 78 84 90 98 109 113 114 135 149 156 141 148 157 176 192 195 217 226 238 240 243 259 258 240 223 210 186 178 191 138 187 238 198 172 171 172 209 243 276 334 394 418 359 371 365 402 414 426 445 482 479 506 454 441 511 495 421 465 467 496 514 431 530 490 452 424 427 422 390 431 364 232 218 244 288 333 329 392 433 427 293 190 320 389 400 377 419 420 437 389 340 301 263 297 187 131 106 98 113 106 106 106 108 105 118 182 235 282 271 372 448 418 359 460 385 301 303 280 297 291 300 302 309 302 254 256 257 282 342 343 297 242 299 359 356 352 291 290 264 308 408 464 496 465 473 464 452 407 392 408 427 438 450 465 478
102 97 93 89 87 84 84 75 71 71 78 92 99 104 127 141 155 154 143 150 171 190 180 197 215 227 224 235 249 240 258 257 261 248 233 216 186 236 240 207 197 220 221 215 255 261 303 358 347 309 387 477 497 495 493 465 467 494 492 461 430 502 479 463 466 489 504 531 447 474 556 491 439 468 439 437 447 392 354 259 192 225 272 273 331 418 347 218 240 328 352 383 445 445 364 392 408 453 364 305 312 267 185 148 112 134 142 114 108 106 108 120 173 180 260 329 326 398 449 424 467 382 297 358 261 267 218 229 291 332 328 281 308 325 351 355 349 298 253 366 401 368 320 302 288 295 289 409 473 500 460 461 462 392 380 391 411 427 438 450 465 481
100 95 90 86 83 79 79 75 67 57 63 78 80 96 111 129 147 156 141 136 154 173 167 198 203 206 204 228 232 225 249 253 276 284 272 250 203 191 186 223 252 274 278 252 245 236 265 312 287 322 458 523 574 567 537 504 474 507 477 470 438 465 486 523 510 515 538 507 452 446 521 540 476 505 458 461 452 463 399 325 255 221 191 222 335 347 197 303 325 306 296 364 465 390 325 351 401 386 350 357 428 453 295 201 144 124 133 140 153 123 124 130 141 150 183 293 298 393 459 431 427 330 286 358 296 298 263 274 248 274 333 310 339 353 366 362 341 291 268 386 351 319 294 327 285 319 279 354 409 441 409 380 381 363 369 421 423 437 448 460 474 490
97 92 87 82 78 73 71 66 57 50 56 65 72 76 95 118 130 145 149 145 149 157 154 182 185 174 206 198 200 202 224 250 260 272 265 253 221 207 194 248 270 281 297 293 253 213 200 224 245 333 407 474 546 527 490 457 456 526 503 477 472 472 501 556 582 547 581 514 462 440 503 538 525 530 514 485 469 462 420 333 275 213 239 223 364 259 168 287 357 260 301 341 401 342 277 317 371 314 316 366 501 633 439 250 174 148 130 135 141 152 145 168 154 167 222 211 263 353 437 382 425 339 320 378 342 379 357 268 306 293 279 335 331 336 334 329 324 314 297 339 320 307 342 330 290 310 330 310 332 331 339 322 346 381 390 426 431 451 461 472 485 499
94 88 82 77 73 68 63 64 59 48 48 54 51 81 85 101 113 131 136 149 147 143 138 151 162 155 181 171 179 189 215 232 249 254 255 244 206 171 214 240 251 257 292 296 270 236 197 188 230 310 342 450 453 424 453 430 441 519 515 503 506 511 505 536 594 585 583 539 452 453 490 488 516 516 542 488 425 410 377 322 271 187 192 177 275 279 115 258 355 261 265 318 319 318 239 319 322 261 285 395 516 552 456 320 238 173 131 154 150 137 154 184 184 197 266 276 196 271 364 358 391 317 355 415 406 410 442 375 320 315 263 337 304 315 323 325 358 376 340 356 351 360 353 294 335 305 347 307 299 300 306 351 406 442 436 444 456 467 476 486 497 510
89 83 77 72 67 63 59 59 58 56 37 37 37 53 76 91 96 112 127 142 145 137 125 139 145 159 161 170 186 189 221 205 226 243 250 235 206 150 217 244 260 260 278 299 297 282 242 201 194 264 287 418 400 413 412 410 448 513 471 501 486 530 543 546 572 582 555 528 479 477 481 431 452 471 531 493 464 432 398 287 248 213 258 202 179 191 197 242 222 198 210 242 258 292 196 256 241 236 304 425 458 432 344 354 335 198 145 135 157 155 135 166 155 225 327 359 241 219 331 380 358 337 343 383 431 405 455 441 368 288 285 329 291 310 314 333 403 359 335 362 354 334 317 291 342 322 319 322 309 329 316 346 412 453 457 466 484 485 492 501 511 521
77 70 64 58 54 49 47 40 34 37 34 33 44 35 48 68 66 92 125 136 127 102 90 124 145 167 175 173 174 163 179 171 185 219 233 239 225 171 230 258 265 273 283 287 282 289 271 259 226 213 286 389 381 359 374 362 401 432 435 481 499 543 590 615 581 564 539 518 512 474 445 404 404 450 466 524 500 454 423 345 220 183 202 220 172 95 183 251 271 373 281 248 201 193 196 205 198 240 340 394 356 385 328 314 348 229 152 141 133 155 166 170 201 273 303 352 264 245 260 279 356 382 352 399 443 452 508 570 380 333 286 285 296 343 323 303 339 323 326 346 328 310 309 320 335 334 352 352 351 349 333 385 394 452 509 542 547 545 548 552 555 558
72 65 58 53 48 44 38 34 28 23 19 21 28 26 23 31 38 63 97 103 99 66 65 92 104 132 170 175 153 129 138 133 138 168 200 201 211 170 204 215 228 265 264 258 252 260 279 253 239 199 273 338 364 319 400 364 425 389 439 518 542 570 597 637 618 597 566 545 520 463 442 448 392 441 414 521 543 470 451 362 280 187 132 132 98 81 151 280 322 375 290 286 238 137 152 162 188 238 316 335 312 368 393 318 267 208 153 147 130 161 165 189 245 319 321 337 318 328 344 292 283 354 443 432 455 539 571 662 430 386 367 301 259 336 298 293 296 296 315 338 325 315 324 338 340 310 328 358 364 336 332 383 412 454 537 546 560 560 562 564 565 567
66 59 53 47 42 39 35 32 26 22 17 17 19 25 20 19 24 31 47 51 59 45 60 75 72 99 135 172 160 139 155 157 137 123 123 124 151 130 167 175 180 227 256 244 228 240 260 276 249 186 239 253 288 381 449 480 466 471 475 530 553 590 609 620 608 560 545 563 527 512 490 451 389 378 381 446 522 502 398 295 288 206 127 79 75 123 215 292 408 297 253 284 242 154 163 164 197 199 282 282 325 361 379 380 250 176 177 169 135 166 165 222 256 315 356 352 370 379 378 386 353 405 493 466 488 613 596 659 561 465 378 313 278 282 302 330 314 309 318 336 331 336 320 325 339 372 377 390 348 347 353 364 462 515 504 543 569 572 573 573 572 569
61 54 48 42 37 38 39 36 33 28 20 18 17 21 24 23 26 36 40 43 44 42 62 78 91 115 141 154 158 144 157 158 153 143 141 164 156 140 156 148 148 145 201 240 204 248 257 265 256 232 182 220 223 343 316 378 486 536 590 589 556 576 584 593 555 487 532 532 509 522 503 461 416 369 325 374 434 460 320 229 218 185 213 132 155 216 266 300 348 280 264 283 263 180 216 223 215 204 227 242 320 287 343 325 255 179 182 185 142 147 169 206 274 315 389 432 436 430 421 417 331 352 426 439 480 633 652 679 610 463 387 339 304 296 325 371 321 309 334 346 341 349 371 390 442 439 411 434 353 385 438 410 502 546 550 559 582 579 578 576 573 569
56 49 43 38 33 36 39 39 39 36 29 26 19 22 29 35 44 58 68 69 66 77 86 102 118 122 127 147 143 145 150 149 147 149 149 178 168 182 191 190 194 163 137 128 157 200 227 241 216 193 193 250 261 302 249 327 359 493 629 630 596 559 563 595 557 470 494 467 483 484 452 419 455 371 307 279 339 339 267 193 134 193 252 247 260 283 279 267 296 312 333 327 301 207 272 261 259 197 245 286 237 269 313 255 228 219 182 184 154 153 198 220 263 369 467 523 461 474 466 456 340 300 360 373 424 537 606 681 679 562 416 369 363 292 339 354 360 328 380 386 401 397 421 440 464 469 434 461 504 530 558 505 549 564 583 573 588 581 579 576 573 569
51 45 39 34 30 32 32 34 37 42 42 36 23 35 39 49 61 62 68 72 70 85 96 102 116 113 119 125 149 151 150 150 151 161 153 169 174 171 175 178 189 181 153 129 150 125 156 217 233 203 168 247 222 250 233 296 340 410 500 555 599 531 501 498 520 501 432 409 432 392 370 405 418 371 334 298 240 174 159 121 124 255 212 306 324 321 279 259 275 342 411 378 358 286 311 327 296 203 216 232 215 247 277 222 194 232 205 184 171 171 221 255 313 424 573 600 457 454 453 434 393 352 303 329 387 477 575 728 778 713 466 387 345 328 358 365 380 403 433 418 413 444 447 442 478 521 545 667 635 561 609 596 577 589 603 595 589 577 574 571 566 562
46 41 35 31 27 28 31 30 35 48 54 43 32 51 55 55 56 60 56 59 64 81 87 89 104 104 103 118 145 147 138 126 141 147 157 157 164 151 154 153 163 163 153 154 189 180 164 140 146 184 130 178 201 221 226 251 316 319 405 463 544 578 532 472 388 421 434 378 332 327 329 289 326 326 320 248 219 190 173 110 194 304 225 312 331 312 268 277 310 382 435 428 388 366 387 419 338 285 224 200 179 178 241 198 178 202 237 216 194 197 235 281 393 492 664 598 464 437 403 355 392 319 287 340 399 488 619 696 686 758 480 403 407 415 411 409 396 409 443 397 415 459 452 478 574 632 741 764 713 629 651 662 611 617 618 592 582 568 565 560 556 550
42 37 32 28 25 26 30 30 32 39 43 30 32 51 65 58 51 51 45 54 64 82 84 79 90 115 93 120 134 141 119 109 120 131 152 154 152 143 140 139 141 146 142 148 169 166 165 172 129 109 96 179 235 251 276 263 256 271 317 392 457 518 532 502 343 393 371 338 274 252 249 221 220 228 197 183 201 235 163 146 305 278 218 239 251 253 280 317 366 425 446 443 453 459 478 502 430 388 303 250 232 206 194 186 171 180 241 225 224 233 273 300 389 494 618 543 446 438 367 322 348 298 280 337 365 461 594 566 595 746 519 460 436 398 386 374 374 396 384 397 455 429 462 548 666 714 728 740 747 738 689 643 561 596 592 571 568 555 551 546 541 535
38 34 30 27 25 25 27 27 30 29 25 37 46 52 52 53 66 56 39 45 55 71 77 72 76 87 84 120 123 132 118 112 92 130 134 144 136 125 128 124 132 140 140 137 141 146 154 162 167 161 114 115 199 243 256 274 279 259 292 333 376 424 490 457 394 308 292 272 203 190 189 170 170 160 153 165 174 161 110 170 283 282 248 232 248 246 294 324 327 392 417 448 489 509 554 549 478 396 262 253 284 306 286 239 191 190 220 255 293 283 286 295 361 439 522 496 420 409 365 308 292 297 334 320 333 407 541 500 581 672 558 483 515 440 425 375 401 425 436 492 534 472 528 638 676 666 648 668 721 691 611 557 512 550 538 548 547 536 531 526 521 516
37 35 32 30 28 27 27 31 29 23 18 33 36 41 37 61 74 54 40 33 49 57 55 65 68 60 65 96 102 115 99 101 85 102 101 129 124 106 110 95 106 121 128 126 121 125 129 140 149 158 148 82 138 184 210 247 260 220 267 284 293 338 387 409 357 264 269 212 174 160 159 149 148 144 149 150 153 117 94 238 210 242 267 266 263 248 254 288 305 312 381 462 525 565 572 557 454 342 256 304 313 328 311 289 244 188 243 289 284 306 296 302 351 382 444 441 384 344 333 310 316 318 383 324 366 383 446 500 478 582 530 514 528 426 375 374 438 383 463 530 552 601 636 697 717 660 581 600 636 650 648 485 469 502 499 515 495 481 477 473 472 470
34 32 30 29 27 26 28 33 29 26 15 17 24 32 29 61 80 47 42 32 41 44 49 52 62 61 54 78 104 113 93 87 81 74 76 110 119 89 88 76 88 97 106 110 100 104 109 117 125 132 134 92 89 133 198 225 202 214 261 252 254 273 304 321 354 228 201 184 152 146 145 136 132 142 149 108 87 58 133 151 175 189 236 281 288 280 280 284 269 352 427 469 474 559 546 488 415 318 284 334 330 321 317 268 242 196 257 266 325 340 300 277 322 357 385 380 371 353 363 314 279 345 371 296 331 412 442 441 446 599 510 584 457 391 335 423 493 423 445 495 542 737 740 736 714 639 612 543 532 553 609 539 417 429 478 481 464 457 453 450 448 447
31 29 28 27 27 26 28 31 36 31 27 23 15 42 52 55 85 72 59 36 34 39 44 47 55 49 45 46 88 110 100 94 76 63 67 92 103 87 71 66 66 70 81 85 85 79 95 95 100 112 115 94 67 124 178 187 169 202 228 195 216 224 247 248 253 170 154 151 134 135 128 118 125 139 108 66 55 56 98 112 139 168 171 192 236 245 243 247 260 339 395 364 431 465 467 399 341 306 332 390 376 361 323 258 230 184 239 281 331 313 277 295 312 335 337 335 390 370 346 325 266 323 347 297 342 430 379 366 565 565 472 535 406 383 330 448 463 441 496 592 665 818 715 678 645 541 554 489 425 495 549 460 320 374 419 430 434 433 430 426 425 425
27 27 26 26 26 25 24 24 31 39 45 37 21 20 41 67 76 85 62 45 35 37 44 41 59 52 46 30 75 97 96 91 79 49 68 81 87 79 62 52 45 45 57 60 67 68 84 84 89 97 101 92 62 129 170 146 146 178 187 175 192 198 176 176 152 128 136 136 122 120 108 101 121 104 61 53 54 56 62 85 122 149 178 173 177 202 205 203 218 245 270 338 340 364 452 466 350 374 365 463 477 417 321 273 248 206 252 233 264 218 293 290 299 317 299 279 345 367 326 332 272 318 311 341 361 370 347 340 519 511 381 431 400 365 312 402 414 494 609 718 791 714 701 614 511 464 467 421 375 427 423 291 300 362 392 420 423 410 407 403 403 403
24 24 24 24 24 25 24 22 20 21 22 26 33 35 22 32 54 78 57 59 47 36 30 28 54 53 50 43 52 80 74 78 76 52 53 61 69 68 55 48 43 32 37 46 52 52 64 66 77 90 90 78 56 117 144 121 151 163 161 159 173 173 148 130 118 113 125 122 109 102 94 105 109 78 53 50 54 69 79 127 171 172 213 233 215 212 272 242 260 280 263 316 375 352 403 455 431 443 379 471 490 445 347 303 266 269 266 233 209 209 242 275 320 311 293 269 348 386 381 321 260 323 299 347 350 362 318 321 416 473 357 428 441 307 311 395 410 613 688 788 721 630 499 475 467 451 456 424 386 406 320 247 312 370 357 360 381 388 384 381 381 381
21 22 22 23 23 25 25 23 23 17 14 15 21 41 45 20 37 48 51 71 59 51 35 21 30 37 53 52 36 47 49 62 57 61 44 48 73 65 67 52 43 41 29 48 52 41 49 52 56 63 83 63 48 101 121 113 112 137 132 142 158 141 129 115 98 105 116 104 95 87 91 110 91 66 49 48 53 75 98 128 178 198 191 222 268 285 299 276 297 318 308 377 293 366 346 405 493 488 430 421 425 382 321 318 269 273 262 229 220 236 250 286 322 294 286 284 338 367 400 322 277 283 291 331 352 371 337 313 404 374 368 332 311 272 344 461 501 675 636 670 597 545 454 408 454 419 415 440 417 396 344 267 283 330 344 344 348 367 363 361 361 361
19 19 20 21 21 25 25 24 25 23 14 12 12 24 41 20 12 34 47 61 54 45 38 16 34 49 54 55 44 36 29 34 30 30 25 34 49 48 66 58 53 39 29 39 35 42 46 41 47 63 88 55 44 98 121 95 93 111 127 121 129 117 107 93 92 106 102 90 80 78 104 99 66 54 47 48 52 82 121 140 181 218 229 240 268 281 317 334 328 345 338 344 321 316 372 387 486 589 497 476 378 412 305 327 307 241 250 239 266 276 281 293 270 270 266 266 304 407 364 332 318 303 258 334 344 371 322 279 316 304 278 269 275 302 473 583 625 647 509 556 475 468 459 397 439 384 406 417 419 421 379 367 338 314 298 322 345 347 344 341 342 342
16 17 18 19 20 23 23 22 20 19 18 13 11 13 21 13 13 33 39 45 39 33 24 13 32 45 37 42 38 22 13 14 15 15 12 18 32 45 38 47 52 35 24 28 30 32 35 44 61 84 93 58 40 63 75 90 96 84 95 101 106 98 87 87 99 93 87 78 69 93 111 73 58 49 46 48 56 95 153 168 172 243 278 257 250 265 300 369 377 380 381 367 309 332 358 459 541 553 475 433 352 369 419 334 270 249 283 274 284 267 302 305 269 256 225 273 372 513 476 451 364 315 262 278 350 389 325 263 300 291 289 300 306 447 607 658 647 550 445 420 378 428 426 366 337 333 388 392 384 438 421 431 375 347 301 300 328 328 326 324 324 324
13 15 16 17 18 20 21 21 22 22 25 18 14 10 11 9 10 18 24 24 20 20 13 8 13 19 26 20 18 13 9 9 9 8 10 13 19 26 23 43 38 25 29 33 31 35 43 60 74 81 88 68 39 48 62 72 68 66 76 85 77 87 75 97 94 94 83 71 76 94 94 60 50 46 43 47 62 111 193 170 185 219 240 230 242 279 302 367 402 386 401 381 336 375 406 520 604 502 468 465 459 486 489 343 265 293 326 304 285 271 343 343 293 229 234 306 397 534 456 392 359 361 292 241 327 385 370 265 288 309 312 289 359 522 564 468 449 406 363 358 356 362 326 294 262 295 335 393 365 363 379 405 393 361 322 283 306 312 309 307 308 308
10 11 11 12 13 14 18 21 25 27 29 22 17 11 8 8 7 8 11 7 7 6 4 3 3 6 10 8 7 6 5 5 5 6 8 9 11 13 15 16 20 24 31 27 31 38 51 70 77 79 77 81 40 36 42 42 55 69 74 71 63 61 80 99 102 107 90 77 96 80 70 46 44 44 41 50 80 141 204 198 198 234 238 251 265 278 287 386 407 373 408 413 411 407 436 569 551 543 548 555 500 440 419 372 290 290 334 319 314 287 393 350 300 239 242 279 350 439 400 433 423 347 367 260 266 318 354 266 242 257 274 307 351 412 361 375 339 316 324 332 330 302 276 265 249 281 353 415 347 326 352 428 365 352 332 275 297 307 305 303 303 302
8 9 9 10 11 12 13 18 24 28 24 19 15 10 8 7 6 5 4 3 3 3 3 2 1 1 3 3 3 3 3 4 8 13 13 9 8 10 17 15 21 26 24 30 35 48 62 72 76 76 72 73 40 31 31 34 52 59 58 49 48 64 86 92 91 95 93 81 89 71 55 44 42 40 44 64 122 164 211 214 234 247 260 295 323 317 327 402 408 362 415 472 458 471 491 569 549 531 484 488 462 450 407 371 317 329 342 376 333 334 452 436 302 236 213 238 277 330 386 412 419 388 283 226 271 326 370 301 256 252 262 310 307 310 283 321 305 325 349 321 298 291 290 283 263 296 355 384 437 372 330 345 306 338 309 258 290 293 291 289 288 287
6 7 7 8 9 11 14 15 16 18 18 17 14 10 8 7 5 3 3 3 3 3 3 3 3 2 3 3 3 11 10 4 7 9 9 10 8 10 13 14 17 21 26 33 41 55 64 68 68 68 67 55 36 30 28 29 35 41 41 36 60 85 88 85 76 85 85 66 61 59 46 42 39 41 56 88 148 186 214 221 251 273 304 355 363 392 386 432 402 354 402 466 457 432 439 542 574 520 522 507 580 537 468 393 380 317 309 367 374 406 487 445 314 229 191 212 224 309 336 358 335 260 289 299 313 361 360 347 319 251 267 265 268 275 271 306 301 287 323 286 291 291 301 298 273 245 252 289 338 340 315 269 295 317 294 258 283 279 277 276 274 273
4 5 6 6 7 9 14 13 12 11 15 12 10 9 11 6 5 3 3 3 3 3 3 7 15 13 7 4 4 16 17 8 3 4 5 7 9 14 16 16 19 23 27 35 42 55 59 61 61 59 53 40 32 30 26 26 28 29 32 37 68 81 73 73 73 75 66 61 53 52 41 39 37 43 64 106 178 202 246 266 286 299 313 334 388 410 451 463 420 368 334 376 381 369 406 489 573 542 604 569 592 615 543 438 439 384 314 357 410 486 476 415 331 283 208 188 213 323 303 296 267 253 337 349 331 296 331 334 378 341 295 235 302 297 320 361 299 292 283 281 289 331 332 290 227 190 209 221 257 302 247 250 268 282 291 265 257 265 264 262 261 260
3 3 4 5 5 6 9 9 8 8 9 10 13 17 9 5 4 3 3 3 3 3 3 5 15 19 17 10 3 8 13 10 6 4 5 7 10 15 17 17 19 23 27 33 40 50 54 52 52 48 40 34 31 30 28 25 23 25 29 49 71 71 63 71 74 57 53 52 55 43 39 38 38 44 76 137 181 198 260 313 306 309 339 370 377 392 475 515 504 431 355 315 316 357 454 495 480 474 564 620 616 672 577 452 397 376 345 323 377 455 375 360 284 265 196 179 197 266 307 230 310 356 343 393 348 318 297 358 399 368 338 302 274 280 376 416 345 316 310 267 330 293 228 205 173 177 196 186 255 355 308 265 227 221 257 264 246 252 251 250 248 246
2 2 3 3 4 4 5 7 7 4 5 12 9 12 6 4 4 3 3 3 3 3 3 3 6 9 10 9 3 5 7 6 7 6 5 8 9 14 15 15 19 22 26 33 42 48 49 44 43 40 36 34 31 30 29 26 22 21 28 55 67 58 61 70 71 47 42 42 43 39 36 40 45 57 98 169 205 222 288 316 297 347 370 397 351 374 438 435 405 371 444 328 319 387 446 472 419 443 528 601 676 625 568 501 406 365 369 344 411 408 372 281 228 250 217 191 188 212 290 225 324 340 351 383 317 312 271 315 359 345 306 270 272 332 368 332 282 247 231 196 213 213 181 160 157 166 171 175 231 244 236 255 242 204 214 248 237 240 239 237 235 233
1 1 2 2 3 3 3 3 4 3 3 5 6 4 2 2 2 2 2 2 1 2 2 3 2 2 3 4 2 1 3 4 7 8 9 10 11 13 15 16 18 22 25 33 43 44 42 38 37 35 34 34 31 30 30 28 25 20 26 50 54 50 58 65 56 39 38 39 39 36 35 45 70 98 132 173 200 246 277 290 290 356 363 383 336 373 406 349 435 356 325 306 420 438 456 420 402 517 605 663 663 661 609 523 420 385 410 380 328 305 287 261 311 277 234 216 222 196 232 262 368 414 394 418 344 291 251 234 303 278 250 314 365 399 281 230 211 192 190 213 217 181 161 157 152 160 166 190 214 201 198 236 230 212 206 212 223 227 226 225 223 221
0 0 1 1 2 2 2 2 2 2 1 2 1 1 1 2 1 2 1 1 1 1 1 1 1 1 1 1 1 2 3 6 10 13 15 15 15 16 16 18 19 21 25 34 40 39 36 32 32 31 31 31 30 30 30 29 28 26 24 36 52 49 53 59 39 37 38 39 37 32 35 45 83 126 152 176 193 229 254 248 289 326 349 336 339 385 344 313 288 328 393 444 526 499 430 373 411 499 573 617 587 644 683 595 471 409 429 371 367 340 350 342 368 300 260 264 219 182 236 355 406 406 410 385 481 330 246 198 186 209 300 384 426 383 245 209 194 192 216 256 223 198 168 157 148 148 150 176 179 173 179 193 201 204 213 210 212 216 215 213 211 208
0 0 0 1 1 1 1 1 1 1 1 1 1 1 1 1 1 1 1 1 1 1 1 1 1 2 1 2 3 3 6 11 17 22 22 21 21 21 21 20 21 23 27 33 36 34 31 29 28 27 28 28 29 29 30 30 31 30 25 25 47 45 55 48 35 37 39 38 34 32 34 40 73 130 159 200 197 232 231 247 260 282 343 311 323 393 312 324 375 334 379 365 410 447 484 363 405 470 562 562 537 624 714 635 522 447 439 370 356 364 378 384 318 329 332 382 229 199 240 316 405 382 437 416 559 323 250 224 287 273 310 407 453 355 242 214 202 226 260 285 276 255 211 179 163 157 141 143 143 165 202 208 226 250 231 214 207 205 203 202 199 196
0 0 1 1 1 1 1 1 2 1 1 1 1 1 1 1 1 1 1 1 0 1 1 1 1 1 1 3 3 6 13 19 22 22 23 23 25 25 26 26 25 27 29 30 31 30 28 25 24 25 25 25 26 27 29 31 34 30 26 21 35 42 56 36 34 36 36 34 31 31 33 39 71 108 142 201 185 198 232 238 219 238 263 246 263 304 297 404 428 314 302 331 310 379 387 425 384 393 475 528 490 559 665 607 536 494 462 372 342 327 387 371 318 332 369 389 336 186 170 214 285 397 472 445 393 318 239 316 376 293 362 429 392 301 253 268 273 252 279 309 302 275 227 182 164 149 137 149 159 196 257 275 266 244 213 213 198 192 191 189 187 184
0 0 0 1 1 1 1 1 0 0 1 1 1 1 1 1 1 0 0 0 0 0 1 1 0 0 0 2 5 14 18 19 19 18 19 20 19 22 24 28 29 30 29 28 26 27 24 20 21 22 22 24 25 25 27 30 31 29 27 22 22 36 48 31 33 34 34 32 31 30 31 39 67 88 111 145 143 145 174 185 188 157 161 161 176 213 275 352 345 343 296 304 336 379 337 282 305 344 375 394 425 501 571 532 480 472 456 384 317 296 330 315 281 329 362 465 422 186 154 193 275 361 454 360 272 264 242 329 386 352 406 458 396 332 321 357 345 293 283 273 263 249 230 215 192 180 141 138 187 255 308 273 213 220 202 184 178 182 181 179 176 173
0 0 0 0 0 0 0 0 0 0 0 0 0 0 1 0 0 0 0 0 1 0 0 0 0 1 0 1 14 18 17 15 14 13 13 14 15 18 23 27 27 28 25 24 24 24 22 20 19 19 20 22 23 25 28 30 30 28 25 23 19 25 40 29 30 34 32 30 29 27 30 50 61 97 117 101 102 103 120 133 146 169 151 142 144 200 208 239 239 244 297 297 283 258 286 343 438 456 460 389 468 489 484 477 451 415 426 396 351 295 265 263 266 312 328 361 305 207 188 232 302 402 362 234 212 242 300 333 383 417 449 446 365 413 442 435 415 362 306 275 276 274 315 300 247 188 184 158 173 264 257 165 142 196 190 164 178 172 171 169 166 162
0 0 0 0 0 0 0 0 0 0 0 0 0 0 0 0 0 0 1 1 1 0 0 0 0 0 0 1 12 14 13 12 13 10 10 12 12 16 22 25 23 23 21 20 20 21 20 19 16 17 19 19 20 24 28 30 30 27 24 22 19 27 32 28 32 42 30 29 26 29 32 40 52 92 88 91 88 106 124 112 118 159 159 160 138 153 158 182 176 213 251 225 225 266 327 364 400 422 437 457 453 455 425 468 439 359 386 388 353 307 223 218 268 306 267 298 275 236 242 245 314 381 229 203 304 247 273 305 302 356 388 420 385 362 368 427 426 395 349 337 350 321 328 286 262 248 211 128 173 192 144 145 190 188 164 168 172 164 162 159 156 153
0 0 0 0 0 0 0 0 0 0 0 0 0 0 0 0 1 1 1 1 0 0 0 0 0 0 0 1 10 10 9 10 13 10 10 8 8 12 18 21 19 18 16 15 15 17 18 16 15 15 16 17 19 23 27 30 28 25 21 19 18 28 28 27 30 37 35 28 26 26 28 34 42 61 56 64 68 77 100 110 111 125 117 132 144 147 143 159 164 187 207 200 244 255 278 295 324 337 341 367 397 403 390 421 448 405 331 367 317 307 245 210 267 297 237 245 232 254 310 267 211 227 278 289 292 208 289 296 304 326 353 349 345 325 294 344 458 401 395 397 350 274 268 249 190 213 167 134 125 122 130 229 241 197 175 177 165 156 153 151 147 143
0 0 0 0 0 0 0 0 0 0 0 0 0 0 1 0 1 1 1 1 1 0 0 0 0 0 0 3 5 5 5 7 11 10 8 5 5 9 15 16 15 14 13 12 12 12 13 13 13 14 15 15 18 23 27 28 25 22 19 16 20 28 24 24 25 31 32 25 24 24 27 36 58 55 40 43 48 56 81 118 114 90 93 100 115 125 141 166 179 170 178 201 214 226 244 252 279 289 305 334 356 363 333 362 397 412 392 302 282 281 247 205 224 246 208 242 200 266 369 344 221 266 332 289 229 190 286 297 301 315 320 322 356 393 321 321 322 350 328 275 274 267 267 245 207 302 256 160 131 131 134 258 241 195 179 165 157 149 146 142 139 135
0 0 0 0 0 0 0 0 0 0 0 0 0 0 1 1 1 1 1 1 1 0 0 0 1 0 1 2 1 1 2 4 6 7 5 4 4 6 11 11 11 12 10 10 10 9 10 11 11 12 13 14 19 23 25 24 21 18 15 19 22 22 22 23 26 36 31 23 22 23 31 50 63 46 47 50 46 46 58 75 97 74 84 84 76 77 91 107 120 126 130 137 151 175 194 215 238 263 284 324 334 295 321 327 332 363 389 346 280 244 210 212 208 205 211 241 193 262 347 234 273 272 375 321 194 173 227 257 263 261 249 252 348 450 343 327 277 238 237 232 227 208 191 184 202 248 199 148 137 129 147 182 208 198 172 155 149 142 138 135 131 127
0 0 0 0 0 0 0 0 0 0 0 0 0 0 0 1 0 1 0 1 1 0 0 0 0 0 1 1 1 1 1 1 2 2 2 2 3 5 8 7 9 10 10 9 8 7 8 9 9 10 11 14 19 21 22 19 18 14 15 20 22 20 20 25 30 33 23 21 22 22 40 53 60 50 63 73 69 60 60 60 63 67 80 69 67 65 68 72 81 87 85 91 95 107 119 138 160 187 208 244 277 254 291 333 334 335 333 375 329 288 251 218 192 199 218 218 190 257 330 200 305 268 285 302 188 171 304 299 248 227 199 228 305 371 304 278 258 243 221 200 183 178 192 195 212 200 199 175 154 169 193 192 168 186 171 144 137 136 132 127 123 119
0 0 0 0 0 0 0 0 0 0 0 0 0 0 0 0 0 0 0 0 0 0 0 0 0 0 0 1 1 1 1 1 1 1 1 1 1 4 4 3 6 8 8 7 6 5 6 7 8 9 11 17 19 19 17 16 14 13 15 18 18 19 22 38 29 27 20 20 23 26 43 50 57 50 48 56 75 84 88 73 64 69 61 55 57 68 71 69 79 88 75 78 78 84 89 98 107 120 140 166 194 217 233 266 302 276 277 319 341 342 275 221 208 223 246 232 165 236 301 206 264 263 252 270 176 182 297 301 222 186 176 227 245 278 295 249 230 226 226 218 221 251 254 250 338 328 314 286 250 205 236 257 222 205 148 130 130 131 126 121 116 112
0 0 0 0 0 0 0 0 0 0 0 0 0 0 0 0 0 0 0 0 0 0 0 1 0 0 0 0 0 0 1 0 0 1 1 1 1 2 1 1 3 4 4 4 4 4 5 5 7 9 13 19 18 16 13 12 12 13 15 15 19 25 32 43 22 25 19 20 24 27 35 38 40 43 37 44 58 67 85 76 57 52 54 80 72 60 58 59 68 73 68 73 72 74 77 81 84 87 98 115 126 144 167 192 230 255 289 316 349 281 244 215 255 224 259 268 151 206 231 189 216 259 240 231 164 221 336 291 204 172 177 199 233 261 303 286 265 256 262 244 267 322 342 360 419 397 397 350 335 279 292 285 209 152 149 153 139 129 122 116 111 106
0 0 0 0 0 0 0 0 0 0 0 0 0 0 0 0 0 3 2 0 0 0 1 0 0 0 0 1 1 0 0 0 0 0 1 1 1 1 1 1 1 2 2 2 3 3 4 5 7 9 15 18 15 12 10 10 10 12 17 22 26 33 40 26 18 18 20 21 24 31 44 42 42 46 40 40 46 61 86 62 51 54 59 77 78 73 73 63 62 61 67 69 73 75 78 81 78 77 83 91 93 102 117 150 174 239 283 314 335 288 232 202 265 292 251 185 171 197 167 236 177 297 289 236 152 180 233 251 191 170 187 211 234 285 330 404 336 313 309 343 404 481 437 451 444 405 386 353 341 342 311 269 212 166 178 158 139 124 117 110 105 100
0 0 0 0 0 0 0 0 0 0 0 0 0 0 0 0 0 1 3 0 -1 0 0 0 0 1 1 0 0 0 1 0 -1 0 1 1 1 1 1 1 1 1 1 2 2 3 3 4 5 9 12 13 11 10 10 22 25 26 35 35 32 25 23 16 16 17 21 21 30 42 43 50 54 54 50 55 64 57 54 49 52 60 52 62 73 83 89 76 76 74 80 90 101 97 94 85 77 75 78 82 85 91 102 123 149 195 269 309 336 286 230 196 210 216 222 166 234 269 230 253 234 298 315 237 158 150 228 216 154 167 193 227 263 387 394 487 451 435 479 505 484 535 498 472 413 407 394 358 317 309 281 240 216 189 169 151 132 119 111 105 99 95
0 0 0 0 0 0 0 0 0 0 0 0 0 0 0 0 0 0 0 0 0 0 0 0 1 0 0 0 1 1 1 -1 -1 0 0 1 1 1 1 1 1 1 1 2 2 3 4 3 5 6 9 9 8 9 11 42 34 21 30 46 18 15 14 16 16 18 20 21 40 46 42 54 58 58 67 77 93 65 46 53 64 75 51 59 70 76 75 74 80 80 83 98 125 132 112 98 87 77 77 83 88 90 95 105 115 149 236 302 335 239 215 187 162 188 173 136 301 372 338 357 369 350 319 259 174 133 184 170 158 205 239 261 383 464 495 522 542 536 549 529 505 510 486 435 406 384 376 351 302 271 266 231 191 183 152 131 120 114 106 100 94 90
0 0 0 0 0 0 0 0 0 0 0 0 0 0 0 0 0 0 0 0 0 0 1 1 0 0 0 1 0 1 1 0 0 0 0 0 0 0 1 1 1 1 1 2 3 3 5 4 5 5 7 7 8 9 14 53 35 13 14 18 14 14 14 14 16 17 19 22 35 37 40 52 56 66 84 83 78 60 50 54 68 62 54 61 66 66 65 65 68 74 82 98 121 130 132 108 92 79 78 80 85 92 98 103 114 135 200 306 323 244 266 226 206 294 281 141 278 399 446 391 329 339 297 247 164 123 158 203 216 214 246 365 570 553 529 598 588 552 523 495 481 482 445 458 513 405 350 322 296 255 234 228 182 176 156 135 118 109 101 94 90 86
0 0 0 0 0 0 0 0 0 0 0 0 0 0 0 0 0 0 0 0 0 0 0 0 1 0 -1 0 -1 0 0 0 0 -1 0 -1 -1 0 0 1 1 1 1 1 2 3 4 5 4 5 7 7 8 8 11 17 11 12 12 13 16 15 15 14 16 17 19 24 32 35 42 45 52 71 82 77 60 56 60 71 67 59 58 61 61 61 60 60 64 68 73 88 101 102 101 107 84 75 76 80 86 92 102 111 129 149 197 338 293 230 235 219 219 266 225 137 182 342 465 416 243 252 222 173 132 156 173 207 226 194 302 414 456 688 675 733 692 597 514 481 460 461 397 399 403 314 299 258 215 219 193 184 161 155 135 113 108 103 96 90 85 82
0 0 0 0 0 0 0 0 0 0 0 0 0 0 0 0 0 0 0 0 0 0 0 0 1 1 0 0 0 0 -2 -2 -2 -1 -1 -1 -1 -1 -1 0 1 1 1 1 2 3 4 5 5 5 7 7 8 8 9 10 10 12 13 13 28 24 15 14 15 17 20 31 35 42 47 48 49 60 63 66 64 65 76 75 69 64 60 60 60 59 57 57 60 62 70 87 96 86 81 78 74 72 76 81 87 94 105 124 149 179 254 340 256 193 159 187 216 271 248 188 121 231 405 353 234 169 153 126 142 184 163 205 239 224 433 549 569 562 786 800 835 731 560 499 474 442 344 248 181 157 162 172 166 161 155 140 136 141 118 101 100 98 91 85 81 79
0 0 0 0 0 0 0 0 0 0 0 0 0 0 0 0 0 0 0 0 0 0 0 0 2 1 1 0 0 0 -3 -3 -3 -2 -2 -1 0 0 0 -1 1 1 1 1 2 3 3 4 5 6 8 7 8 8 9 10 10 11 12 13 17 32 13 14 16 18 21 28 34 42 46 49 54 58 59 65 72 81 103 96 83 75 65 62 60 59 54 54 59 61 65 73 73 69 70 71 69 71 77 85 93 101 115 138 171 244 307 255 222 172 148 186 243 258 279 221 147 154 270 292 300 203 209 183 220 149 187 208 244 283 488 544 567 502 565 676 757 665 465 420 434 366 236 173 157 132 136 140 137 134 123 138 131 118 111 97 96 92 86 80 77 76
0 0 0 0 0 0 0 0 0 0 0 0 0 0 0 0 0 0 0 0 0 0 0 0 0 1 1 0 -1 -2 -4 -5 -5 -4 -2 -1 0 1 1 0 1 1 1 1 2 3 3 4 6 12 13 8 11 12 14 13 11 10 10 11 13 13 13 15 18 19 20 29 28 35 41 48 53 57 61 67 74 89 121 129 125 108 71 67 62 58 52 54 61 59 58 60 61 61 63 66 66 71 80 89 97 112 132 162 200 244 213 187 227 175 153 169 255 219 233 203 132 173 198 234 260 278 245 209 203 161 172 214 206 310 475 516 566 518 545 524 537 450 303 268 275 226 187 168 140 134 119 122 113 104 124 144 118 94 98 94 90 86 81 76 74 73
0 0 0 0 0 0 0 0 0 0 0 0 0 0 0 0 0 0 0 0 0 0 0 0 0 0 1 -1 -1 -2 -4 -5 -5 -5 -4 -1 0 0 0 0 1 1 1 2 3 3 5 6 15 20 7 11 25 27 33 33 28 21 14 10 10 11 13 16 18 19 20 25 30 32 38 45 50 54 59 71 82 93 102 128 130 88 70 67 65 56 52 53 56 56 55 58 60 60 62 64 69 75 84 95 120 143 176 215 172 140 148 193 194 177 184 241 188 221 284 235 150 194 253 229 250 288 234 225 173 192 174 231 185 297 430 386 387 409 377 278 362 263 214 211 197 173 160 147 129 128 119 120 147 160 169 149 93 82 83 83 78 76 73 70 70 71
0 0 0 0 0 0 0 0 0 0 0 0 0 0 0 0 0 0 0 0 0 0 0 0 0 0 1 0 -1 -1 -3 -5 -5 -5 -4 -1 -1 0 0 0 1 1 1 2 3 5 13 9 19 10 7 16 30 29 36 48 65 60 28 10 9 10 12 16 17 17 18 23 28 32 36 40 47 56 61 69 82 100 107 129 101 74 73 74 57 51 49 50 52 54 55 58 62 63 65 68 74 82 100 122 158 176 156 131 116 113 160 192 161 195 212 250 163 195 254 244 169 180 194 194 306 236 163 145 211 225 226 194 186 255 321 241 257 246 200 183 189 212 174 177 172 172 149 130 112 101 106 163 196 151 117 93 79 81 81 78 72 71 68 67 67 69
0 0 0 0 0 0 0 0 0 0 0 0 0 0 0 0 0 0 0 0 0 0 0 0 0 0 0 1 1 1 -4 -4 -4 -4 -3 -2 -2 0 -1 0 1 1 1 2 4 11 20 5 5 7 9 23 30 30 39 55 76 67 34 9 8 9 11 15 15 16 17 20 28 30 34 38 45 51 56 64 67 90 84 93 85 70 76 56 50 48 50 52 53 54 56 59 67 70 71 75 83 98 143 150 127 101 100 109 92 98 112 126 148 170 236 237 187 217 183 145 111 133 152 225 221 189 138 199 275 221 213 179 162 203 213 208 192 217 170 151 148 168 141 146 174 211 201 167 134 98 101 129 136 95 72 68 79 84 78 75 67 66 64 64 65 67
0 0 0 0 0 0 0 0 0 0 0 0 0 0 0 0 0 0 0 0 0 0 0 0 0 0 0 1 2 1 -2 -3 -4 -4 -2 -2 -2 -1 0 0 1 1 1 2 6 19 16 3 5 7 10 22 25 28 38 63 71 42 19 9 7 8 10 14 14 15 16 19 25 27 31 38 47 45 49 57 59 74 88 107 69 71 57 49 44 46 50 50 53 54 58 65 71 77 81 88 108 142 157 124 111 98 96 97 86 125 142 212 220 261 260 225 152 169 125 90 131 144 183 216 197 145 179 251 198 154 166 133 138 210 176 179 188 172 144 122 120 141 173 135 204 165 159 155 140 95 88 95 92 79 73 80 92 92 77 68 63 62 61 61 62 65
0 0 0 0 0 0 0 0 0 0 0 0 0 0 0 0 0 0 0 0 0 0 0 0 0 0 0 0 2 5 0 -1 -2 -2 -3 -3 -3 -2 -1 -1 0 0 1 2 7 15 15 3 4 7 11 16 20 27 44 72 54 24 12 8 7 8 10 12 16 14 15 19 21 24 31 35 43 43 45 50 52 60 75 71 65 61 48 46 42 45 48 50 53 57 65 74 80 115 105 139 160 138 124 124 124 112 88 96 109 188 208 239 238 244 219 237 164 165 99 89 164 215 165 191 127 99 174 210 185 162 183 150 156 206 142 162 159 125 120 99 108 168 157 106 118 127 120 101 101 86 82 82 86 78 87 90 91 95 71 61 59 58 58 58 61 64
0 0 0 0 0 0 0 0 0 0 0 0 0 0 0 0 0 0 0 0 0 0 0 0 0 0 0 0 0 5 1 0 -1 -2 -4 -4 -4 -3 -2 -1 0 -1 1 3 5 6 5 2 4 7 12 16 21 30 52 63 32 14 8 7 6 8 10 11 15 13 14 17 18 22 27 31 41 44 43 44 50 54 54 61 62 53 48 43 43 45 50 52 56 66 92 108 110 138 166 144 136 107 104 103 108 103 87 119 144 161 214 177 194 152 187 276 154 102 91 113 128 207 168 176 101 84 130 185 167 155 141 147 116 141 127 177 129 115 138 91 102 100 99 91 92 90 84 84 92 92 102 99 91 97 96 88 80 78 65 56 55 55 56 56 59 62
0 0 0 0 0 0 0 0 0 0 0 0 0 0 0 0 0 0 0 0 0 0 0 0 0 0 0 0 0 1 1 1 -1 -3 -4 -4 -4 -4 -4 -1 0 -1 1 4 4 2 1 1 3 7 13 21 30 33 61 65 21 9 6 5 6 8 10 10 12 14 14 13 15 19 23 29 39 44 40 42 48 55 50 52 51 48 45 40 44 47 52 59 71 102 135 156 171 132 130 99 98 90 97 86 80 85 81 111 139 137 145 109 125 94 158 154 71 79 159 164 105 165 214 186 102 83 150 164 109 112 134 133 125 131 161 134 106 115 157 92 115 129 118 110 121 99 98 107 110 134 164 138 108 113 103 95 78 68 55 53 53 53 54 55 57 61
0 0 0 0 0 0 0 0 0 0 0 0 0 0 0 0 0 0 0 0 0 0 0 0 0 0 0 0 0 0 0 1 0 -4 -5 -3 -4 -4 -3 -2 0 -1 1 11 4 1 1 0 1 4 14 33 35 32 66 59 17 6 4 5 6 8 9 10 13 16 16 11 13 17 19 25 38 44 37 38 43 52 46 46 52 49 41 40 44 52 65 79 119 93 103 104 104 130 133 99 84 111 88 91 80 82 85 77 83 87 87 86 72 84 81 85 112 158 265 216 120 153 158 114 93 84 108 113 91 110 109 116 131 106 91 96 98 105 111 90 124 128 119 137 152 139 98 111 142 175 154 151 120 121 112 103 76 61 51 51 52 51 52 54 56 60
0 0 0 0 0 0 0 0 0 0 0 0 0 0 0 0 0 0 0 0 0 0 0 0 0 0 0 0 0 0 0 2 0 -3 -5 -4 -3 -3 -2 -2 -1 -1 1 7 7 1 -1 -3 -1 1 10 33 24 31 57 40 16 5 3 5 5 7 9 10 21 16 16 10 12 15 16 22 34 47 36 36 43 41 38 41 49 47 39 41 46 64 94 99 95 81 71 76 92 85 83 83 126 153 102 130 119 115 93 78 83 86 74 92 97 117 130 188 215 269 229 150 218 210 131 105 90 80 71 85 79 86 87 90 101 106 90 86 91 93 86 98 109 129 172 192 210 186 105 115 164 154 148 150 131 124 114 91 65 52 51 51 52 51 51 53 55 59
0 0 0 0 0 0 0 0 0 0 0 0 0 0 0 0 0 0 0 0 0 0 0 0 0 0 0 0 0 0 0 2 5 -1 -4 -4 -3 -2 -3 -2 -1 -1 1 1 0 -1 -3 -3 -2 -1 5 15 15 28 43 34 17 7 3 4 4 6 8 12 41 13 11 10 10 14 15 19 29 52 36 34 42 41 35 39 38 38 39 41 48 78 102 118 89 66 65 73 76 90 103 105 130 140 112 130 101 158 140 120 90 71 63 66 72 75 134 218 205 156 111 171 259 246 140 113 75 72 66 79 74 79 79 84 80 83 82 84 81 84 80 89 103 175 252 228 160 136 109 151 179 141 129 141 130 117 119 81 60 53 52 54 55 54 54 54 56 59
0 0 0 0 0 0 0 0 0 0 0 0 0 0 0 0 0 0 0 0 0 0 0 0 0 0 0 0 0 0 0 0 7 2 -2 -4 -2 -1 -2 -1 0 0 0 -3 -3 -3 -3 -3 -2 -1 1 4 6 14 19 29 19 9 3 3 3 5 7 12 39 11 10 10 10 14 15 16 23 34 31 30 34 34 33 35 34 36 36 39 44 75 77 69 62 61 59 85 90 105 113 96 103 68 59 57 55 68 84 67 59 55 54 45 50 56 80 143 181 124 97 233 159 91 82 69 67 65 65 79 80 79 82 83 76 83 78 79 82 80 77 84 107 161 209 168 114 123 137 161 132 144 134 118 116 103 112 71 56 50 51 56 57 53 53 54 55 58
0 0 0 0 0 0 0 0 0 0 0 0 0 0 0 0 0 0 0 0 0 0 0 0 0 0 0 0 0 0 0 0 2 7 0 -2 -1 -1 -1 0 0 0 0 -2 -3 -3 -3 -3 -3 -2 -2 0 1 4 10 30 31 16 4 3 3 4 6 9 19 9 11 10 10 13 17 21 24 23 24 27 29 29 33 36 30 34 35 36 41 47 50 51 55 56 55 81 94 112 86 58 49 48 49 49 50 55 55 52 55 55 56 45 49 51 57 69 84 96 84 120 67 64 75 65 59 59 75 72 71 72 72 76 70 70 75 72 77 74 72 80 93 111 123 110 115 118 149 133 130 158 135 120 95 86 81 55 52 49 52 58 56 52 52 53 54 56
0 0 0 0 0 0 0 0 0 0 0 0 0 0 0 0 0 0 0 0 0 0 0 0 0 0 0 0 0 0 0 0 1 9 1 0 -1 -1 -1 -1 -1 0 0 0 -2 -3 -3 -3 -3 -3 -3 -2 -1 0 3 8 20 28 8 2 1 3 5 7 10 8 9 10 10 14 21 38 42 20 22 25 26 29 33 29 30 34 33 35 38 40 45 49 55 59 61 61 77 84 50 45 46 48 48 48 48 48 47 48 53 53 52 46 43 51 57 55 55 59 57 55 54 59 69 62 56 60 71 65 64 63 64 70 66 69 72 69 68 70 78 79 85 96 96 104 119 130 129 109 132 143 132 104 78 56 61 51 57 53 49 52 52 51 51 52 52 54
0 0 0 0 0 0 0 0 0 0 0 0 0 0 0 0 0 0 0 0 0 0 0 0 0 0 0 0 0 0 0 0 0 4 1 -1 -2 -2 -2 -1 -1 0 0 0 0 -1 -2 -4 -3 -3 -3 -3 -3 -2 1 2 4 15 9 2 1 3 4 7 9 7 8 10 13 17 23 47 49 20 20 21 24 27 27 26 28 33 32 34 36 39 43 50 59 65 53 43 47 49 46 42 43 53 66 44 43 42 41 45 48 49 49 44 38 55 57 64 58 51 50 47 52 51 55 56 54 56 59 60 59 59 63 65 65 71 70 65 66 75 80 91 93 91 96 114 121 113 98 88 120 122 105 82 59 80 91 69 62 61 54 49 50 50 50 50 51 52
0 0 0 0 0 0 0 0 0 0 0 0 0 0 0 0 0 0 0 0 0 0 0 0 0 0 0 0 0 0 0 0 0 1 1 0 -1 -2 -3 -2 -3 0 0 0 0 0 -1 -3 -4 -3 -3 -3 -3 -2 0 1 2 2 2 1 1 3 4 6 10 6 7 9 14 22 29 49 44 18 19 19 22 24 28 30 46 40 38 37 35 40 48 61 79 64 40 40 43 49 45 40 40 54 79 42 40 40 41 44 45 45 44 39 38 57 57 76 48 43 48 46 45 48 50 51 52 52 56 60 57 59 63 64 61 68 65 60 67 72 75 76 81 95 103 106 98 89 77 78 95 91 90 66 61 70 80 74 76 68 55 48 49 49 49 49 49 50
0 0 0 0 0 0 0 0 0 0 0 0 0 0 0 0 0 0 0 0 0 0 0 0 0 0 0 0 0 0 0 0 0 0 2 0 -1 -2 -3 -3 -2 0 0 0 0 0 0 0 -3 -4 -4 -4 -3 -2 -1 1 1 1 1 1 1 2 4 5 5 6 8 9 11 24 28 42 36 16 19 19 21 24 29 23 33 41 59 50 40 47 67 94 94 73 41 37 53 78 57 44 37 38 39 38 38 38 39 41 45 42 41 35 33 34 39 47 41 40 42 44 42 48 50 52 50 50 59 59 57 55 56 58 57 58 57 58 61 60 63 61 64 72 68 76 79 69 69 68 67 70 74 55 61 71 76 83 82 62 49 47 48 47 47 47 47 48
0 0 0 0 0 0 0 0 0 0 0 0 0 0 0 0 0 0 0 0 0 0 0 0 0 0 0 0 0 0 0 0 0 0 2 0 -2 -2 -3 -3 -1 0 0 0 0 0 0 0 -1 -2 -4 -3 -2 -1 0 1 0 0 1 1 1 2 3 4 5 7 8 9 10 17 14 18 23 15 19 19 22 22 20 22 24 27 37 31 36 51 89 84 65 52 36 35 47 80 90 57 38 36 37 37 37 37 39 39 44 45 42 34 34 29 33 37 41 47 43 39 40 43 46 51 50 46 57 59 55 49 48 48 49 51 51 54 53 53 53 53 55 58 64 58 58 59 60 58 57 58 58 58 63 73 79 84 72 63 47 45 46 46 45 45 45 46
0 0 0 0 0 0 0 0 0 0 0 0 0 0 0 0 0 0 0 0 0 0 0 0 0 0 0 0 0 0 0 0 0 0 2 0 -3 -3 -3 -3 -1 0 0 0 0 0 0 0 0 0 -1 -1 -1 0 0 0 0 1 1 1 1 2 3 5 5 7 8 9 9 11 12 14 14 15 18 20 21 20 17 20 21 23 26 24 27 41 67 49 39 34 30 31 34 49 70 63 38 37 37 39 41 38 38 38 42 51 45 33 32 27 30 35 42 53 57 41 36 45 49 57 53 43 46 50 47 44 45 45 45 47 48 50 52 57 53 57 64 67 64 65 57 56 56 57 57 57 58 61 66 68 79 93 101 77 46 43 44 44 43 43 43 43
0 0 0 0 0 0 0 0 0 0 0 0 0 0 0 0 0 0 0 0 0 0 0 0 0 0 0 0 0 0 0 0 0 0 4 0 -2 -3 -2 -2 -1 0 0 1 0 0 0 0 0 0 0 -2 -2 -2 -2 -2 -1 1 1 1 1 2 4 5 8 9 9 10 10 10 11 13 14 15 17 19 20 19 16 17 19 20 21 22 24 37 57 28 28 28 28 28 29 31 39 55 39 38 40 43 39 38 39 37 40 46 34 35 40 29 29 31 48 54 60 47 41 36 47 54 46 39 40 39 40 41 41 42 45 46 47 48 54 59 53 59 70 72 64 66 58 56 56 56 59 60 64 63 56 66 84 89 93 71 43 40 40 40 39 39 38 39
0 0 0 0 0 0 0 0 0 0 0 0 0 0 0 0 0 0 0 0 0 0 0 0 0 0 0 0 0 0 0 0 0 0 5 3 -2 -2 -2 -1 -1 -1 -1 0 0 0 0 0 0 0 -1 -3 -3 -3 -3 -2 0 2 1 1 1 2 4 5 10 10 11 11 11 10 10 12 13 16 17 19 20 17 15 16 16 17 20 21 25 27 31 23 24 24 25 27 28 29 31 48 41 36 38 39 36 40 39 38 37 35 34 42 49 47 27 28 38 40 47 42 35 30 35 39 37 36 36 38 38 39 40 41 43 45 48 50 57 61 56 58 73 73 69 67 65 61 57 58 61 67 83 66 45 61 76 91 77 50 48 44 39 38 37 37 36 36
0 0 0 0 0 0 0 0 0 0 0 0 0 0 0 0 0 0 0 0 0 0 0 0 0 0 0 0 0 0 0 0 0 0 5 3 -1 -1 -1 -1 -1 -1 -1 -1 1 0 0 0 0 0 -1 -4 -3 -3 -3 -1 1 1 0 1 1 2 4 6 9 11 12 13 12 12 11 13 15 18 17 20 19 15 14 17 17 19 22 23 24 22 22 22 24 24 25 25 27 29 30 42 37 34 35 34 37 43 41 40 43 41 37 46 57 63 31 26 34 44 42 29 27 27 30 32 33 34 34 36 37 42 44 43 47 54 60 61 62 64 61 59 73 81 84 76 75 69 65 72 87 89 100 59 39 54 72 72 51 49 44 41 37 36 36 35 34 34
0 0 0 0 0 0 0 0 0 0 0 0 0 0 0 0 0 0 0 0 0 0 0 0 0 0 0 0 0 0 0 0 0 0 1 0 -1 -1 -1 -1 -2 -2 0 0 0 0 0 0 0 0 -1 -4 -3 -3 -3 -1 1 0 0 1 2 2 4 7 10 12 14 15 15 14 13 14 18 20 17 19 17 15 14 20 20 23 25 27 27 26 24 24 25 25 27 27 28 29 30 35 36 38 37 34 40 46 44 44 52 50 43 49 60 57 32 24 25 28 25 24 24 25 27 28 30 32 33 34 38 50 55 53 57 58 63 70 74 73 64 62 76 92 91 79 75 76 66 80 84 96 88 41 33 40 45 46 44 41 36 35 35 35 34 33 33 33
0 0 0 0 0 0 0 0 0 0 0 0 0 0 0 0 0 0 0 0 0 0 0 0 0 0 0 0 0 0 0 0 0 0 0 0 0 -1 -1 -2 -3 -3 0 0 0 0 0 0 0 0 0 -4 -3 -2 -1 1 1 1 2 2 6 7 5 8 10 13 15 16 16 16 16 17 21 19 15 17 16 14 13 22 24 27 29 30 29 29 28 28 30 31 32 32 33 34 34 38 39 40 33 37 45 50 47 51 58 52 48 49 50 35 24 23 23 22 22 24 25 25 27 27 31 32 38 44 41 51 62 65 65 68 69 76 84 86 77 64 75 91 84 79 77 69 53 52 54 71 59 32 29 36 39 46 40 41 36 38 33 33 32 32 32 31
0 0 0 0 0 0 0 0 0 0 0 0 0 0 0 0 0 0 0 0 0 0 0 0 0 0 0 0 0 0 0 0 0 0 0 0 1 -1 -1 -2 -4 -3 0 0 0 0 0 0 0 0 0 -1 -2 -1 0 0 1 3 8 3 4 5 6 9 11 14 15 16 16 18 19 19 20 14 13 14 14 11 13 27 26 32 32 31 31 30 29 31 32 35 38 38 39 41 44 46 44 44 30 39 47 52 51 53 57 52 52 53 42 24 18 22 20 19 19 21 23 24 26 30 36 46 51 56 52 47 62 71 72 76 70 84 93 102 102 68 74 86 82 84 71 53 40 42 43 42 35 33 35 31 38 49 42 39 35 34 32 33 32 32 32 31
0 0 0 0 0 0 0 0 0 0 0 0 0 0 0 0 0 0 0 0 0 0 0 0 0 0 0 0 0 0 0 0 0 0 0 0 1 -1 -1 -1 -3 -4 0 0 0 0 0 0 1 2 1 0 -1 -1 -1 0 1 1 3 5 5 5 8 10 11 15 15 16 17 19 18 21 13 11 12 12 12 10 10 16 20 32 38 33 34 33 32 34 33 37 40 42 43 51 55 52 48 47 31 42 50 50 49 47 52 49 52 38 33 19 17 20 18 17 19 26 26 27 34 62 51 63 57 62 63 51 64 83 80 80 82 97 105 111 99 70 76 80 85 67 57 55 39 37 34 39 38 38 59 42 31 37 37 35 34 31 32 33 32 32 32 31
0 0 0 0 0 0 0 0 0 0 0 0 0 0 0 0 0 0 0 0 0 0 0 0 0 0 0 0 0 0 0 0 0 0 0 0 1 0 0 0 -2 -2 0 0 0 0 0 0 0 1 1 1 -1 -1 0 0 0 1 1 4 5 6 9 10 12 14 15 16 17 17 17 19 10 9 10 9 10 10 9 11 14 25 45 33 36 34 34 33 34 34 37 41 43 49 50 45 45 44 29 40 43 46 43 44 46 47 31 16 17 16 16 17 15 17 24 46 42 34 50 66 76 75 67 71 75 60 66 92 93 97 100 109 114 110 85 70 77 79 76 55 48 47 42 33 27 37 51 46 35 35 28 30 30 33 32 29 31 33 32 32 32 31
0 0 0 0 0 0 0 0 0 0 0 0 0 0 0 0 0 0 0 0 0 0 0 0 0 0 0 0 0 0 0 0 0 0 0 0 1 0 0 0 0 0 0 0 0 0 0 0 0 -1 0 0 0 0 0 1 0 1 1 3 4 6 9 10 12 15 14 14 16 17 16 11 8 8 7 7 9 8 8 8 13 17 35 25 36 30 32 31 30 29 30 34 37 41 45 38 33 34 27 37 40 41 36 41 38 39 13 11 12 13 14 14 16 28 33 57 60 44 55 64 77 90 102 78 73 66 62 94 98 103 110 105 115 93 82 69 71 81 69 54 42 32 43 34 25 38 44 40 33 30 28 26 25 28 28 28 30 33 32 32 32 31
0 0 0 0 0 0 0 0 0 0 0 0 0 0 0 0 0 0 0 0 0 0 0 0 0 0 0 0 0 0 0 0 0 0 0 0 1 0 0 0 0 0 0 0 0 0 0 0 0 -1 -1 -1 0 0 0 0 1 1 1 2 4 6 8 9 11 13 12 12 14 16 18 6 7 7 7 7 7 7 7 7 8 13 26 23 18 20 22 21 22 22 22 26 29 34 41 32 25 31 33 40 36 36 29 41 29 30 9 9 11 12 12 17 24 36 37 52 64 56 54 64 61 80 93 72 75 75 61 78 91 99 101 81 94 70 86 68 67 82 64 48 34 32 36 28 27 33 32 30 32 33 29 28 34 30 26 27 30 33 32 32 32 31
0 0 0 0 0 0 0 0 0 0 0 0 0 0 0 0 0 0 0 0 0 0 0 0 0 0 0 0 0 0 0 0 0 0 0 0 0 0 0 0 0 0 0 0 0 0 0 0 0 0 -1 -1 -1 -1 0 -1 -1 0 1 2 4 5 6 9 10 11 10 11 12 15 10 5 5 5 5 5 5 6 5 5 8 9 12 12 14 10 12 11 14 15 14 21 21 26 31 23 25 36 37 39 29 27 20 19 16 10 8 10 10 10 11 25 42 45 45 50 60 63 64 70 61 64 88 69 72 70 66 72 83 96 87 65 65 50 65 57 66 70 56 48 31 32 23 19 23 25 23 26 28 36 35 27 44 30 25 27 30 33 32 32 32 31
0 0 0 0 0 0 0 0 0 0 0 0 0 0 0 0 0 0 0 0 0 0 0 0 0 0 0 0 0 0 0 0 0 0 0 1 1 1 0 0 0 0 0 0 0 0 0 0 0 0 0 0 0 0 0 -1 -1 0 1 2 4 5 6 8 9 10 10 8 10 12 3 4 4 4 3 1 2 3 5 3 4 8 4 4 8 5 5 5 7 12 10 17 16 15 16 16 27 34 35 35 18 12 11 9 9 7 7 10 15 12 15 35 50 53 52 51 55 66 72 71 71 61 71 74 81 75 71 76 80 79 69 61 52 44 51 55 63 62 74 59 26 22 17 19 22 21 23 22 27 28 28 23 30 23 25 27 30 33 32 32 32 33
0 0 0 0 0 0 0 0 0 0 0 0 0 0 0 0 0 0 0 0 0 0 0 0 0 0 0 0 0 0 0 0 0 0 0 0 2 1 0 0 0 0 0 0 0 0 0 0 0 1 1 1 1 1 1 0 -1 0 1 2 4 5 6 6 7 8 8 6 7 4 2 2 3 3 3 1 3 3 2 2 5 5 6 6 6 6 3 5 6 8 6 13 14 10 9 11 21 30 29 29 15 6 6 5 5 5 7 12 25 22 21 41 42 51 51 43 46 56 70 72 76 67 76 83 83 79 79 81 91 69 59 65 60 40 50 60 62 62 78 68 37 27 19 18 24 23 23 21 23 24 21 20 20 22 24 27 30 33 32 33 34 35
0 0 0 0 0 0 0 0 0 0 0 0 0 0 0 0 0 0 0 0 0 0 0 0 0 0 0 0 0 0 0 0 0 0 0 0 1 1 1 0 0 0 0 0 0 0 0 0 1 1 1 1 1 1 1 0 0 1 1 2 3 4 5 5 4 5 4 3 4 1 2 2 1 1 1 1 2 2 2 2 3 5 5 4 5 4 4 5 6 7 5 9 12 7 7 7 13 22 22 25 11 3 3 5 4 5 5 11 17 18 19 27 29 32 35 32 35 41 56 76 84 73 87 96 86 83 86 87 91 67 65 72 72 44 51 59 59 68 83 86 41 30 20 16 18 19 22 24 23 22 19 19 20 22 24 27 30 33 34 36 37 38
0 0 0 0 0 0 0 0 0 0 0 0 0 0 0 0 0 0 0 0 0 0 0 0 0 0 0 0 0 0 0 0 0 0 0 0 0 1 1 0 0 0 0 0 0 0 0 0 1 1 1 1 1 1 1 0 1 1 1 2 2 2 2 3 2 2 2 2 2 1 1 1 1 1 1 1 1 1 2 1 2 5 4 2 2 4 5 4 6 5 5 10 10 5 4 3 4 11 8 8 4 3 3 3 2 3 4 7 10 14 17 19 20 25 26 30 34 41 53 71 88 78 93 97 87 92 89 87 90 80 66 74 73 53 50 60 57 72 89 81 55 28 15 14 15 18 23 24 21 20 19 18 20 22 26 30 33 36 37 39 40 41
0 0 0 0 0 0 0 0 0 0 0 0 0 0 0 0 0 0 0 0 0 0 0 0 0 0 0 0 0 0 0 0 0 0 0 0 0 0 0 0 0 0 0 0 0 0 0 0 1 1 1 1 1 0 0 0 1 0 1 2 1 1 1 1 0 0 1 1 0 1 0 1 0 0 1 1 1 1 2 1 2 3 3 1 1 2 3 4 4 5 6 11 7 6 6 2 1 2 1 1 1 4 3 2 1 2 4 7 11 15 21 23 28 22 26 33 35 40 51 62 89 87 90 86 85 84 78 80 93 90 86 59 55 45 51 63 58 76 93 79 48 31 13 13 15 16 19 22 18 17 18 18 21 24 28 33 36 39 41 42 44 45
0 0 0 0 0 0 0 0 0 0 0 0 0 0 0 0 0 0 0 0 0 0 0 0 0 0 0 0 0 0 0 0 0 0 0 0 0 0 0 0 0 0 0 0 0 0 0 0 1 1 1 1 1 1 1 0 0 1 1 1 1 1 1 0 0 0 1 0 -1 -1 0 0 0 0 1 1 2 1 2 1 1 1 1 1 1 2 2 2 4 4 6 9 10 10 11 2 1 1 1 5 11 16 18 4 1 3 5 8 15 20 28 25 32 30 27 29 34 39 47 57 75 80 102 91 80 74 74 61 95 82 65 45 34 43 60 69 69 82 88 86 56 24 13 15 26 17 14 21 17 23 23 19 22 27 32 35 40 42 44 46 48 49
0 0 0 0 0 0 0 0 0 0 0 0 0 0 0 0 0 0 0 0 0 0 0 0 0 0 0 0 0 0 0 0 0 0 0 0 0 0 0 1 0 0 0 0 0 0 0 0 0 0 1 1 1 1 1 -1 0 1 1 1 1 1 1 1 1 1 0 -1 -1 -2 -1 0 0 0 1 1 0 0 2 1 1 1 2 1 1 2 2 2 4 5 8 11 14 15 13 3 1 3 6 14 17 28 33 14 3 5 5 8 16 23 34 30 28 31 34 29 32 37 43 51 59 69 106 91 77 87 78 47 79 56 39 30 33 52 64 68 60 76 77 70 48 14 12 14 15 14 14 16 19 29 33 22 25 33 37 40 45 46 48 50 52 53
0 0 0 0 0 0 0 0 0 0 0 0 0 0 0 0 0 0 0 0 0 0 0 0 0 0 0 0 0 0 0 0 0 0 0 0 0 0 0 0 1 2 0 0 0 0 0 0 0 0 0 1 1 1 1 1 0 1 1 1 1 1 1 1 1 1 0 -1 0 -1 -1 -1 -1 0 1 0 0 0 2 1 1 1 4 4 3 4 5 7 6 8 10 13 14 11 5 2 2 5 3 4 13 29 42 33 4 4 5 7 22 32 31 30 27 28 28 32 32 37 42 48 58 59 90 93 88 82 59 46 56 43 28 39 47 56 69 51 50 69 63 55 27 11 12 14 15 16 18 18 22 33 34 29 29 40 47 48 51 55 57 59 60 61
0 0 0 0 0 0 0 0 0 0 0 0 0 0 0 0 0 0 0 0 0 0 0 0 0 0 0 0 0 0 0 0 0 0 0 0 0 0 0 0 0 0 0 0 0 0 0 0 0 0 0 0 0 1 1 1 1 1 1 1 1 1 1 1 1 1 1 0 1 1 1 0 0 0 0 0 0 0 1 1 1 1 3 5 5 6 7 9 10 10 12 13 10 5 2 1 4 4 3 1 8 19 27 28 7 4 5 7 26 40 29 28 28 28 28 33 34 36 45 62 56 46 76 77 82 61 43 42 51 36 26 47 63 56 44 43 59 71 45 31 14 12 13 15 19 23 24 22 25 36 41 37 29 45 51 52 55 58 61 62 64 64
0 0 0 0 0 0 0 0 0 0 0 0 0 0 0 0 0 0 0 0 0 0 0 0 0 0 0 0 0 0 0 0 0 0 0 0 0 0 0 0 0 0 0 1 2 1 0 0 0 0 0 0 0 0 0 1 1 1 1 1 1 1 1 1 1 1 1 1 1 1 1 1 0 0 1 1 1 2 2 1 1 1 1 2 4 9 9 11 13 11 12 12 5 2 1 1 5 3 3 1 7 16 18 16 18 10 4 6 18 29 25 22 26 27 31 34 35 39 52 47 75 51 50 41 69 42 31 24 30 29 21 38 45 42 37 48 44 31 15 11 12 12 15 21 21 36 31 23 30 34 42 42 30 45 52 55 58 61 64 66 67 68
0 0 0 0 0 0 0 0 0 0 0 0 0 0 0 0 0 0 0 0 0 0 0 0 0 0 0 0 0 0 0 0 0 0 0 0 0 0 0 0 0 0 0 1 3 2 1 1 0 0 0 0 0 0 0 0 0 1 1 1 1 1 1 1 1 1 1 1 1 1 1 1 0 0 1 1 1 1 1 1 1 1 1 3 5 10 10 11 12 10 8 9 4 1 1 1 3 2 2 1 7 11 13 19 18 12 5 9 13 17 26 21 25 29 34 34 37 44 46 41 77 60 51 29 51 38 18 12 12 11 12 19 17 17 12 11 8 7 7 12 11 13 20 32 24 22 22 22 26 41 35 35 33 43 52 58 60 64 67 69 70 70
0 0 0 0 0 0 0 0 0 0 0 0 0 0 0 0 0 0 0 0 0 0 0 0 0 0 0 0 0 0 0 0 0 0 0 0 0 0 0 0 0 0 0 0 0 1 1 1 0 0 0 1 1 0 1 0 0 0 0 0 0 0 0 0 0 0 1 1 1 1 1 1 0 0 1 1 1 1 1 1 1 1 2 3 5 8 9 8 8 7 3 4 3 1 1 1 2 2 1 1 5 6 9 11 20 24 16 10 11 12 22 26 23 29 37 36 39 42 31 46 85 77 68 22 40 27 8 7 5 4 7 6 4 6 6 6 6 6 8 8 10 14 22 31 34 36 25 23 30 30 32 36 37 44 60 68 65 66 69 71 72 72
0 0 0 0 0 0 0 0 0 0 0 0 0 0 0 0 0 0 0 0 0 0 0 0 0 0 0 0 0 0 0 0 0 0 0 0 0 0 0 0 0 0 0 0 0 0 0 0 0 0 0 1 1 0 1 0 0 0 0 1 1 0 0 0 0 0 0 0 1 1 0 0 0 0 1 2 2 1 1 1 2 3 4 5 7 9 6 4 4 3 1 1 1 0 0 0 1 1 0 1 2 3 5 8 15 20 30 10 9 12 16 23 25 25 36 40 41 36 28 45 97 97 62 19 18 8 2 3 2 2 7 17 14 5 11 6 7 7 7 10 12 13 16 19 30 47 34 24 35 36 34 39 45 49 71 73 67 66 69 71 72 72
0 0 0 0 0 0 0 0 0 0 0 0 0 0 0 0 0 0 0 0 0 0 0 0 0 0 0 0 0 0 0 0 0 0 0 0 0 0 0 0 0 0 0 0 0 0 0 0 0 0 0 0 0 0 0 0 0 0 0 1 1 0 0 0 0 0 0 0 0 0 0 0 0 0 0 2 2 1 1 1 3 5 8 9 8 8 6 5 2 1 1 0 0 0 0 0 1 1 1 2 2 5 7 9 15 16 22 11 6 9 21 20 23 27 28 38 42 35 29 36 74 87 51 22 3 2 2 3 3 8 39 38 28 10 20 14 18 15 24 36 39 31 23 17 22 34 35 28 35 35 35 44 67 56 69 64 63 66 69 71 72 72
0 0 0 0 0 0 0 0 0 0 0 0 0 0 0 0 0 0 0 0 0 0 0 0 0 0 0 0 0 0 0 0 0 0 0 0 0 0 0 0 0 0 0 0 0 0 0 0 0 0 0 0 0 0 0 0 0 0 0 0 0 0 0 0 0 0 0 0 0 0 0 0 0 0 0 1 1 1 1 2 5 8 9 9 7 6 6 4 2 1 1 1 0 0 0 0 1 1 1 1 2 6 7 8 10 14 16 16 8 5 16 17 24 29 30 25 30 22 16 16 32 44 32 11 2 3 3 3 9 36 51 40 31 16 16 19 40 25 28 46 53 42 24 19 22 28 31 32 33 31 36 55 85 63 59 58 62 66 69 71 72 72
0 0 0 0 0 0 0 0 0 0 0 0 0 0 0 0 0 0 0 0 0 0 0 0 0 0 0 0 0 0 0 0 0 0 0 0 0 0 0 0 0 0 0 0 0 0 0 0 0 0 0 0 0 0 0 0 0 0 0 0 0 0 0 0 0 0 0 0 1 0 0 0 0 0 0 0 1 1 1 4 6 8 8 6 4 4 3 2 3 1 1 1 0 0 1 1 1 1 1 1 2 4 4 5 7 9 11 11 6 6 16 14 16 20 29 29 14 10 7 5 7 11 14 5 3 4 9 32 55 54 47 50 33 18 21 21 41 43 27 36 48 56 33 24 25 31 34 38 32 31 35 43 51 54 55 57 62 66 69 71 72 72
0 0 0 0 0 0 0 0 0 0 0 0 0 0 0 0 0 0 0 0 0 0 0 0 0 0 0 0 0 0 0 0 0 0 0 0 0 0 0 0 0 0 0 0 0 0 0 0 0 0 0 0 0 0 0 0 0 0 0 0 0 0 0 0 0 0 0 0 1 1 0 0 0 0 0 0 1 1 2 3 3 4 5 4 2 3 2 2 1 1 1 1 0 0 0 1 0 0 0 2 3 3 6 6 8 11 8 7 4 5 15 14 11 8 17 22 9 3 2 2 11 13 11 4 5 12 30 33 41 36 40 42 34 19 22 27 32 39 32 31 42 53 46 34 33 36 40 41 32 35 37 41 47 55 59 59 61 65 67 69 70 71
0 0 0 0 0 0 0 0 0 0 0 0 0 0 0 0 0 0 0 0 0 0 0 0 0 0 0 0 0 0 0 0 0 0 0 0 0 0 0 0 0 0 0 0 0 0 0 0 0 0 0 0 0 0 0 0 0 0 0 0 0 0 0 0 0 0 0 0 0 0 0 0 0 0 0 0 0 1 2 1 1 2 3 2 2 2 2 2 2 2 1 1 0 0 0 0 0 0 0 3 8 7 9 8 6 7 7 12 9 5 10 8 13 11 10 8 2 1 8 22 24 23 12 5 11 19 33 44 35 39 42 44 39 28 24 31 31 34 39 37 38 41 43 45 42 43 47 47 36 38 41 44 54 66 62 59 61 63 65 67 68 69
0 0 0 0 0 0 0 0 0 0 0 0 0 0 0 0 0 0 0 0 0 0 0 0 0 0 0 0 0 0 0 0 0 0 0 0 0 0 0 0 0 0 0 0 0 0 0 0 0 0 0 0 0 0 0 0 0 0 0 0 0 0 0 0 0 0 0 0 0 0 0 0 0 0 0 0 0 0 1 1 0 1 1 1 1 3 2 2 3 2 2 0 0 0 0 0 0 0 0 3 8 10 8 4 2 2 4 16 16 3 3 4 6 5 7 1 1 7 16 16 18 19 13 11 19 26 43 53 41 34 42 47 53 40 34 32 35 39 39 42 40 42 46 43 46 47 54 52 39 43 51 49 56 64 59 61 60 61 63 64 66 67
0 0 0 0 0 0 0 0 0 0 0 0 0 0 0 0 0 0 0 0 0 0 0 0 0 0 0 0 0 0 0 0 0 0 0 0 0 0 0 0 0 0 0 0 0 0 0 0 0 0 0 0 0 0 0 0 0 0 0 0 0 0 0 0 0 0 0 0 0 0 0 0 0 0 0 0 1 1 0 0 0 0 0 0 0 1 1 1 1 1 1 0 0 0 0 0 0 0 1 2 10 7 3 2 1 1 4 12 18 3 2 2 4 3 3 0 2 6 8 8 10 14 14 19 25 35 46 53 53 43 58 45 43 34 30 32 41 41 41 46 45 45 50 50 53 43 59 51 45 54 56 58 56 57 57 60 59 59 60 62 63 64
0 0 0 0 0 0 0 0 0 0 0 0 0 0 0 0 0 0 0 0 0 0 0 0 0 0 0 0 0 0 0 0 0 0 0 0 0 0 0 0 0 0 0 0 0 0 0 0 0 0 0 0 0 0 0 0 0 0 0 0 0 0 0 0 0 0 0 0 0 0 0 0 0 0 0 0 0 0 0 0 0 1 1 0 0 0 0 0 0 0 0 0 0 0 0 0 0 0 1 2 15 11 2 1 1 2 2 14 8 1 1 1 3 2 0 2 3 6 7 11 9 16 22 28 28 33 43 48 54 52 58 46 43 34 35 33 46 42 43 49 54 51 57 57 54 50 41 41 41 50 48 50 49 56 59 60 55 56 57 59 60 61
0 0 0 0 0 0 0 0 0 0 0 0 0 0 0 0 0 0 0 0 0 0 0 0 0 0 0 0 0 0 0 0 0 0 0 0 0 0 0 0 0 0 0 0 0 0 0 0 0 0 0 0 0 0 0 0 0 0 0 0 0 0 0 0 0 0 0 0 0 0 0 0 0 0 0 0 0 0 0 0 0 0 0 0 0 1 0 0 0 0 0 0 0 0 0 0 0 0 0 3 17 5 3 2 1 2 3 14 2 1 1 1 2 0 0 4 4 9 12 10 11 24 30 36 28 26 36 42 45 59 58 50 43 28 40 26 47 45 44 53 56 56 61 64 59 52 40 55 42 38 43 47 45 53 56 54 51 53 54 55 56 58
0 0 0 0 0 0 0 0 0 0 0 0 0 0 0 0 0 0 0 0 0 0 0 0 0 0 0 0 0 0 0 0 0 0 0 0 0 0 0 0 0 0 0 0 0 0 0 0 0 0 0 0 0 0 0 0 0 0 0 0 0 0 0 0 0 0 0 0 0 0 0 0 0 0 0 0 0 0 0 0 0 0 0 0 0 0 0 0 0 0 0 0 0 0 0 0 0 0 0 4 16 3 2 2 2 2 2 3 1 1 1 1 1 0 1 2 3 7 9 14 17 23 33 33 25 27 40 40 39 51 57 55 47 27 42 22 37 42 49 54 52 51 56 55 63 53 45 47 44 27 33 47 44 47 46 46 49 50 51 52 53 54
0 0 0 0 0 0 0 0 0 0 0 0 0 0 0 0 0 0 0 0 0 0 0 0 0 0 0 0 0 0 0 0 0 0 0 0 0 0 0 0 0 0 0 0 0 0 0 0 0 0 0 0 0 0 0 0 0 0 0 0 0 0 0 0 0 0 0 0 0 0 0 0 0 0 0 0 0 0 0 0 0 0 0 0 0 0 0 0 0 0 0 0 0 0 0 0 0 0 0 6 13 2 2 1 1 1 2 2 2 2 2 1 0 1 3 3 5 7 9 16 23 26 33 40 29 28 41 30 28 35 47 41 22 18 28 30 47 42 49 55 47 56 60 55 58 56 43 45 49 31 35 33 31 36 42 45 46 46 47 48 49 50
0 0 0 0 0 0 0 0 0 0 0 0 0 0 0 0 0 0 0 0 0 0 0 0 0 0 0 0 0 0 0 0 0 0 0 0 0 0 0 0 0 0 0 0 0 0 0 0 0 0 0 0 0 0 0 0 0 0 0 0 0 0 0 0 0 0 0 0 0 0 0 0 0 0 0 0 0 0 0 0 0 0 0 0 0 0 0 0 0 0 0 0 0 0 0 0 0 0 0 3 4 1 0 0 0 0 1 2 2 2 2 1 2 4 7 5 6 8 12 20 24 25 33 54 32 32 35 33 22 28 34 25 20 16 20 25 51 37 49 44 42 55 55 49 56 56 49 43 51 43 28 34 31 32 40 46 43 43 43 44 45 46
0 0 0 0 0 0 0 0 0 0 0 0 0 0 0 0 0 0 0 0 0 0 0 0 0 0 0 0 0 0 0 0 0 0 0 0 0 0 0 0 0 0 0 0 0 0 0 0 0 0 0 0 0 0 0 0 0 0 0 0 0 0 0 0 0 0 0 0 0 0 0 0 0 0 0 0 0 0 0 0 0 0 0 0 0 0 0 0 0 0 0 0 0 0 0 0 0 0 0 0 1 0 0 0 1 1 1 2 3 3 4 4 6 8 12 8 9 8 13 23 24 21 27 33 27 32 35 34 31 39 33 26 22 19 19 19 29 25 30 33 31 38 39 43 51 54 50 45 43 33 30 36 38 30 38 37 35 38 38 38 39 39
0 0 0 0 0 0 0 0 0 0 0 0 0 0 0 0 0 0 0 0 0 0 0 0 0 0 0 0 0 0 0 0 0 0 0 0 0 0 0 0 0 0 0 0 0 0 0 0 0 0 0 0 0 0 0 0 0 0 0 0 0 0 0 0 0 0 0 0 0 0 0 0 0 0 0 0 0 0 0 0 0 0 0 0 0 0 0 0 0 0 0 0 0 0 0 0 0 0 0 0 0 0 0 0 1 1 3 4 6 8 9 7 7 9 14 14 11 9 12 19 20 18 23 26 28 32 34 34 37 43 43 30 28 24 21 22 32 25 23 29 24 27 33 39 46 49 38 41 45 42 36 46 48 36 25 26 30 34 34 35 35 35
0 0 0 0 0 0 0 0 0 0 0 0 0 0 0 0 0 0 0 0 0 0 0 0 0 0 0 0 0 0 0 0 0 0 0 0 0 0 0 0 0 0 0 0 0 0 0 0 0 0 0 0 0 0 0 0 0 0 0 0 0 0 0 0 0 0 0 0 0 0 0 0 0 0 0 0 0 0 0 0 0 0 0 0 0 0 0 0 0 0 0 0 0 0 0 0 0 0 0 0 0 0 0 0 1 2 4 5 8 10 11 10 11 13 19 17 15 13 13 17 20 21 24 28 31 33 36 36 39 39 44 36 32 29 25 23 26 26 21 23 27 30 34 42 43 38 32 35 44 44 40 51 53 42 27 23 29 31 31 31 31 31
0 0 0 0 0 0 0 0 0 0 0 0 0 0 0 0 0 0 0 0 0 0 0 0 0 0 0 0 0 0 0 0 0 0 0 0 0 0 0 0 0 0 0 0 0 0 0 0 0 0 0 0 0 0 0 0 0 0 0 0 0 0 0 0 0 0 0 0 0 0 0 0 0 0 0 0 0 0 0 0 0 0 0 0 0 0 0 0 0 0 0 0 0 0 0 0 0 0 0 0 0 0 0 0 1 2 4 5 10 12 13 12 15 15 17 18 19 18 16 19 21 22 25 27 30 31 37 36 39 37 40 40 36 34 30 24 22 20 22 23 25 24 26 28 34 33 32 37 42 42 42 44 45 37 29 26 26 27 27 27 27 27
0 0 0 0 0 0 0 0 0 0 0 0 0 0 0 0 0 0 0 0 0 0 0 0 0 0 0 0 0 0 0 0 0 0 0 0 0 0 0 0 0 0 0 0 0 0 0 0 0 0 0 0 0 0 0 0 0 0 0 0 0 0 0 0 0 0 0 0 0 0 0 0 0 0 0 0 0 0 0 0 0 0 0 0 0 0 0 0 0 0 0 0 0 0 0 0 0 0 0 0 0 0 0 0 1 2 4 5 9 11 12 14 15 17 18 19 20 18 19 20 22 23 25 26 28 30 35 37 38 38 38 37 36 34 32 24 22 21 20 19 20 21 22 24 32 34 35 37 37 37 37 36 35 29 27 26 25 24 24 24 24 24
0 0 0 0 0 0 0 0 0 0 0 0 0 0 0 0 0 0 0 0 0 0 0 0 0 0 0 0 0 0 0 0 0 0 0 0 0 0 0 0 0 0 0 0 0 0 0 0 0 0 0 0 0 0 0 0 0 0 0 0 0 0 0 0 0 0 0 0 0 0 0 0 0 0 0 0 0 0 0 0 0 0 0 0 0 0 0 0 0 0 0 0 0 0 0 0 0 0 0 0 0 0 0 0 1 2 4 5 9 10 12 14 15 17 18 19 20 18 19 20 22 23 25 26 28 30 35 37 37 37 37 36 35 33 31 22 20 18 17 17 17 18 19 21 29 31 32 33 34 34 34 33 32 26 24 23 22 21 21 21 21 21
0 0 0 0 0 0 0 0 0 0 0 0 0 0 0 0 0 0 0 0 0 0 0 0 0 0 0 0 0 0 0 0 0 0 0 0 0 0 0 0 0 0 0 0 0 0 0 0 0 0 0 0 0 0 0 0 0 0 0 0 0 0 0 0 0 0 0 0 0 0 0 0 0 0 0 0 0 0 0 0 0 0 0 0 0 0 0 0 0 0 0 0 0 0 0 0 0 0 0 0 0 0 0 0 1 2 3 5 8 10 12 13 15 16 18 19 20 18 19 20 22 23 25 26 28 30 35 37 37 37 37 36 34 32 29 20 18 16 15 14 14 15 16 18 25 27 29 30 30 30 30 29 28 23 21 20 19 18 18 18 18 19
0 0 0 0 0 0 0 0 0 0 0 0 0 0 0 0 0 0 0 0 0 0 0 0 0 0 0 0 0 0 0 0 0 0 0 0 0 0 0 0 0 0 0 0 0 0 0 0 0 0 0 0 0 0 0 0 0 0 0 0 0 0 0 0 0 0 0 0 0 0 0 0 0 0 0 0 0 0 0 0 0 0 0 0 0 0 0 0 0 0 0 0 0 0 0 0 0 0 0 0 0 0 0 0 1 2 3 5 8 9 11 13 14 16 17 18 20 18 19 20 22 23 25 26 28 30 35 36 37 36 36 35 33 31 28 19 16 14 13 12 11 12 13 15 22 23 25 26 26 26 26 26 25 19 18 17 16 16 16 16 16 16
0 0 0 0 0 0 0 0 0 0 0 0 0 0 0 0 0 0 0 0 0 0 0 0 0 0 0 0 0 0 0 0 0 0 0 0 0 0 0 0 0 0 0 0 0 0 0 0 0 0 0 0 0 0 0 0 0 0 0 0 0 0 0 0 0 0 0 0 0 0 0 0 0 0 0 0 0 0 0 0 0 0 0 0 0 0 0 0 0 0 0 0 0 0 0 0 0 0 0 0 0 0 0 0 1 2 3 4 7 9 10 12 13 15 16 18 19 18 19 20 22 23 25 26 28 30 35 36 36 36 36 34 32 30 27 18 15 13 11 10 9 9 10 12 18 19 21 22 22 22 22 22 21 16 15 14 14 13 14 14 14 15
